0.0 0.0 0.0 0.1 1.0 0.1 -0.5 0.0
 0.05 0.0 0.0 0.1 1.0 0.1 -0.5 0.0
 0.1 0.0005904629416685743 5.447457473102372e-05 0.10001841144734325 1.0001953021097034 0.09978325181873181 -0.4998199667038113 6.245004513516506e-18
 0.15 0.001771388825005723 0.00016342372419307115 0.10005523434202973 1.0005859063291103 0.09934975545619543 -0.4994599001114339 1.8735013540549518e-17
 0.2 0.003524990724581359 0.0003251671665106057 0.10010984718788982 1.0011657986796558 0.09870629263805278 -0.49892512682491613 3.372302437298913e-17
 0.25 0.005834064395043999 0.0005379912440772172 0.10018162439260356 1.0019286969338785 0.09785994548684489 -0.49822074001422406 4.572731082674864e-17
 0.3 0.008682485162066293 0.0008002011046568632 0.1002699576460458 1.0028682449900046 0.09681787221628903 -0.4973514571019555 5.960509863456309e-17
 0.35 0.012055140078825282 0.0011101221976264192 0.10037425748493813 1.003978032739399 0.09558728106404887 -0.49632164727714617 7.015221736850207e-17
 0.4 0.01593784591056359 0.0014660998142832934 0.10049395485279432 1.005251606554862 0.09417541358747687 -0.49513536266171554 7.598088824778415e-17
 0.45 0.020317270190313732 0.0018664982692626025 0.10062850319110586 1.0066824761900093 0.09258953092815657 -0.49379636801994636 8.819334151866087e-17
 0.5 0.02518085578586591 0.0023096998035554137 0.10077738096050752 1.0082641188281398 0.09083690246408851 -0.49230816896913027 9.492406860545088e-17
 0.55 0.030516748856292887 0.0027941032318221895 0.10094009449030188 1.0099899807729875 0.08892479650545236 -0.49067403881504346 1.0082212842377202e-16
 0.6 0.03631373003294362 0.003318122348360704 0.10111618107192571 1.0118534771947683 0.0868604727407309 -0.4888970441440032 1.0005885009434223e-16
 0.65 0.04256114864402552 0.0038801841012020915 0.10130521222625163 1.0138479902841682 0.08465117617797546 -0.48698006930264925 1.0234868508263162e-16
 0.7 0.049248859796080416 0.004478726540503366 0.10150679708593491 1.0159668661175363 0.08230413235775144 -0.4849258398928365 9.707512571566213e-17
 0.75 0.056367164127229974 0.005112196545345109 0.10172058584283371 1.0182034104966193 0.07982654364090903 -0.482736945402993 8.937295348232511e-17
 0.8 0.0639067500543399 0.005779047332015018 0.10194627321728084 1.0205508839941857 0.07722558639656077 -0.480415861089528 8.028300246820663e-17
 0.85 0.07185863834793196 0.006477735746708022 0.10218360191102753 1.0230024964115771 0.07450840893417349 -0.4779649692127373 7.494005416219807e-17
 0.9 0.08021412888375555 0.007206719346190577 0.10243236600931599 1.0255514008345257 0.07168213003907145 -0.4753865797214033 6.737665980693919e-17
 0.95 0.08896474943763566 0.007964453271284103 0.10269241430002032 1.0281906874585909 0.0687538379833867 -0.47268295046908115 6.113165529342269e-17
 1.0 0.09810220640993184 0.008749386919966566 0.1029636534793423 1.0309133773445154 0.06573058989501258 -0.46985630703299686 5.974387651264123e-17
 1.05 0.10761833738719409 0.009559960429436305 0.10324605121434358 1.0337124162560156 0.06261941137579027 -0.46690886219360983 5.551115123125782e-17
 1.1 0.11750506547099428 0.010394600979602814 0.10353963903280151 1.036580668727407 0.059427296267314314 -0.4638428351192278 5.2596815791616785e-17
 1.15 0.1277543553271203 0.01125171893414524 0.10384451501063732 1.0395109125054907 0.056161206468681626 -0.46066047028561335 4.66640615037761e-17
 1.2 0.1383581709320574 0.01212970383949089 0.10416084622661187 1.042495833508807 0.05282807171549571 -0.4573640561452917 3.84067777581265e-17
 1.25 0.14930843501768093 0.013026920306789605 0.10448887095323914 1.045528021447228 0.0494347892337201 -0.4539559435452676 2.4286128663675287e-17
 1.3 0.16059699023908222 0.013941703807162358 0.10482890055204318 1.0485999662454752 0.0459882231857845 -0.4504385638751155 9.402201239794279e-18
 1.35 0.1722155621141808 0.014872356416139694 0.10518132104049123 1.051704055415078 0.04249520382989617 -0.4468144469099778 -4.163336342344356e-18
 1.4 0.18415572380695083 0.015817142549216245 0.10554659429727992 1.0548325725201015 0.038962526317002776 -0.443086238294984 -1.6410484082740618e-17
 1.45 0.1964088628483985 0.016774284736750487 0.10592525887223493 1.0579776968822279 0.03539694905348461 -0.4392567165991272 -3.410466353770406e-17
 1.5 0.20896614991053794 0.017741959492930604 0.1063179303670086 1.061131504670055 0.031805191561604704 -0.43532880984789135 -5.349887199912477e-17
 1.55 0.22181850976815162 0.018718293340078178 0.10672530135311883 1.0642859715153268 0.028193931774186547 -0.43130561142516266 -7.601558271730372e-17
 1.6 0.2349565946006971 0.019701359056014445 0.10714814079476066 1.0674329767948023 0.024569802705079642 -0.42719039521648683 -9.409140133698206e-17
 1.65 0.24837075980191406 0.020689172218384632 0.10758729294531871 1.0705643097101838 0.020939388442850468 -0.4229866298479294 -1.0668549377257369e-16
 1.7 0.2620510424770517 0.021679688125510396 0.10804367568869377 1.073671677289551 0.017309219421926793 -0.41869799185809403 -1.1522033327437958e-16
 1.75 0.27598714281672976 0.022670799178280042 0.10851827829948985 1.076746714421706 0.013685766933221197 -0.4143283776257557 -1.2202044930020867e-16
 1.8 0.2901684085418165 0.02366033281152874 0.10901215859983746 1.079780996019405 0.010075436845135507 -0.40988191386263095 -1.253164239045646e-16
 1.85 0.304583822614921 0.024646050066027398 0.10952643949518458 1.0827660513883695 0.006484562515837015 -0.40536296647063313 -1.289593432041159e-16
 1.9 0.3192219944107527 0.02562564489330063 0.11006230487677487 1.0856933808560492 0.002919396888797346 -0.40077614755618096 -1.3027773304585828e-16
 1.95 0.3340711545293451 0.026596744284742655 0.11062099488473942 1.0885544746872704 -0.000613896224248281 -0.39612632039138523 -1.2639195245967024e-16
 2.0 0.3491191534226819 0.02755690931361862 0.11120380053270743 1.0913408342831958 -0.004109251655620887 -0.3914186021138588 -1.1967857260763999e-16
 2.05 0.3643534639864122 0.028503637173277703 0.11181205770252517 1.0940439956256167 -0.007560713158016458 -0.3866583639640641 -1.1192435867002366e-16
 2.1 0.37976118824398986 0.02943436428705311 0.11244714052595878 1.0966555548908414 -0.010962444398913454 -0.3818512288720425 -9.978129433818601e-17
 2.15 0.3953290682207582 0.03034647055473146 0.11311045417901942 1.0991671961168346 -0.014308740612113726 -0.3770030662244663 -8.559125630469573e-17
 2.2 0.41104350107038484 0.03123728478706093 0.1138034271236346 1.1015707207644647 -0.017594040830280946 -0.3721199836684722 -6.444497713253846e-17
 2.25 0.4268905584759482 0.03210409136354534 0.11452750284061917 1.1038580789695998 -0.020812940607342043 -0.3672083158407574 -4.3246656256101874e-17
 2.3 0.44285601030335653 0.03294413812985296 0.11528413110708062 1.1060214022383201 -0.0239602051251489 -0.36227460994881827 -1.993197273897359e-17
 2.35 0.45892535243626936 0.033754645529781885 0.1160747588803143 1.108053037293879 -0.027030782565229124 -0.3573256081756196 2.9143354396409584e-18
 2.4 0.47508383867007414 0.03453281694321516 0.11690082085869348 1.1099455807424483 -0.030019817614162968 -0.35236822692877956 3.089542510714685e-17
 2.45 0.4913165164886714 0.035275850176336485 0.11776372979782036 1.1116919141865085 -0.03292266496048238 -0.34740953300966004 5.368101796410221e-17
 2.5 0.5076082664928939 0.03598095002414494 0.11866486666707311 1.113285239381304 -0.035734902632347895 -0.34245671683542384 7.689161807267188e-17
 2.55 0.5239438451944907 0.036645341798693665 0.11960557073746968 1.1147191130024416 -0.03845234501894321 -0.33751706290677586 1.048857181662476e-16
 2.6 0.5403079308359762 0.037266285690254086 0.12058712969630493 1.1159874805726961 -0.041071055414801466 -0.3325979177741571 1.3006631362222343e-16
 2.65 0.5566851718455667 0.03784109180361055 0.12161076988716191 1.1170847090845197 -0.04358735792536071 -0.3277066558138538 1.4961339458996458e-16
 2.7 0.5730602374891821 0.03836713568877877 0.12267764677554385 1.118005617852536 -0.045997848574073096 -0.3228506431809687 1.7324141253494119e-16
 2.75 0.5894178702393444 0.03884187416547117 0.12378883574045002 1.1187455071380674 -0.04829940545643058 -0.31803720035659433 1.9746357327043983e-16
 2.8 0.6057429393449398 0.039262861224411666 0.12494532329068656 1.1193001841058863 -0.05048919779430111 -0.31327356374999094 2.2453068050654045e-16
 2.85 0.622020495057308 0.03962776377685219 0.12614799880156669 1.1196659857018656 -0.052564693754889785 -0.3085668468514088 2.508345094132113e-16
 2.9 0.6382358229479127 0.0399343770169634 0.1273976468629474 1.1198397980787513 -0.05452366691226916 -0.3039240014559143 2.8413794754544854e-16
 2.95 0.6543744977416762 0.04018063916060302 0.12869494032334006 1.1198190722451502 -0.0563642012455063 -0.2993517794919896 3.169383158696525e-16
 3.0 0.6704224360884743 0.04036464532856164 0.13004043410721813 1.1196018356690305 -0.05808469458562521 -0.2948566959899434 3.5390202053620076e-16
 3.05 0.6863659477035848 0.040484660352799774 0.13143455987375177 1.1191866996302042 -0.05968386044360718 -0.2904449937138688 3.926177959134856e-16
 3.1 0.7021917843261288 0.04053913030025726 0.1328776215751694 1.1185728621848046 -0.061160728172924055 -0.2861226099570374 4.332070726448254e-16
 3.15 0.7178871859725208 0.04052669253016129 0.13436979196195203 1.1177601066768776 -0.0625146414422706 -0.28189514596470217 4.741432940713606e-16
 3.2 0.7334399239992123 0.04044618412680624 0.13591111007028361 1.11674879580593 -0.06374525501674345 -0.2777678394012137 5.127723332748466e-16
 3.25 0.7488383405348364 0.040296648579771825 0.13750147971481458 1.1155398613326162 -0.06485252986823375 -0.2737455402214754 5.445492147482243e-16
 3.3 0.7640713838953094 0.040077340616587354 0.13914066899704813 1.1141347895757343 -0.06583672665779969 -0.26983269024175105 5.747301506237033e-16
 3.35 0.7791286396553578 0.039787729127931305 0.14082831082675365 1.1125356029204378 -0.06669839765382131 -0.26603330663367325 5.981456649428727e-16
 3.4 0.7940003571149838 0.03942749816150874 0.14256390444097194 1.1107448376183855 -0.06743837716940838 -0.2623509694901487 6.24267347884566e-16
 3.45 0.8086774709680874 0.03899654599668996 0.14434681789263223 1.1087655182139402 -0.06805777062046377 -0.25878881353498645 6.526788658145487e-16
 3.5 0.823151618051286 0.03849498234676845 0.1461762914687804 1.1066011289753206 -0.06855794232168441 -0.25534952397176275 6.806046611712578e-16
 3.55 0.8374151491222954 0.037923123768326496 0.14805144198714387 1.1042555827449407 -0.0689405021513464 -0.25203533639386194 7.100917076563461e-16
 3.6 0.8514611356874848 0.03728148738681593 0.1499712679094446 1.1017331876485053 -0.06920729122676796 -0.24884804060879906 7.38329753238731e-16
 3.65 0.8652833719658619 0.036570783073347476 0.15193465520071117 1.099038612117574 -0.06936036674073663 -0.24578898816757871 7.730556646212692e-16
 3.7 0.8788763721403634 0.035791904229278845 0.15394038385600767 1.09617684868542 -0.06940198611484986 -0.2428591033354131 8.034100728443459e-16
 3.75 0.8922353631056574 0.034945917352122456 0.15598713500963007 1.093153177011527 -0.06933459062864467 -0.24005889719467952 8.331746750855905e-16
 3.8 0.9053562729736413 0.034034050568365753 0.15807349853702907 1.0899731265767034 -0.06916078868363684 -0.23738848453524566 8.599902474176744e-16
 3.85 0.9182357156425761 0.033057681325994535 0.16019798105656446 1.0866424394695031 -0.06888333885906824 -0.2348476031615528 8.857649856641723e-16
 3.9 0.9308709717727331 0.032018323441983625 0.16235901423670776 1.083167033656513 -0.06850513291144332 -0.23243563523007732 9.118866686058656e-16
 3.95 0.9432599665401636 0.03091761369806348 0.16455496331446176 1.0795529670953383 -0.06802917886304109 -0.23015163022462615 9.394655192673792e-16
 4.0 0.9554012445606215 0.029757298172103756 0.16678413573249665 1.0758064030110774 -0.06745858431577645 -0.227994329179701 9.674260090936078e-16
 4.05 0.9672939423878829 0.02853921848298224 0.16904478980570758 1.0719335766160103 -0.06679654011634403 -0.22596218977300894 9.945885261208873e-16
 4.1 0.9789377589950462 0.027265298114404975 0.1713351433324352 1.0679407635094134 -0.06604630448682229 -0.2240534119260386 1.0157488999212869e-15
 4.15 0.9903329246443727 0.025937528968416897 0.17365338207129238 1.0638342499510218 -0.06521118772216573 -0.22226596357529246 1.036041911983698e-15
 4.2 1.0014801685415238 0.024557958282909197 0.17599766801121042 1.0596203051587765 -0.06429453754259605 -0.22059760630503553 1.0516858651304913e-15
 4.25 1.01238068565445 0.02312867602989025 0.1783661473697521 1.0553051557400528 -0.06329972517513258 -0.21904592056405753 1.0661155118441009e-15
 4.3 1.0230361030565682 0.021651802893203596 0.18075695826272034 1.0508949623263704 -0.0622301322246773 -0.21760833022276452 1.0790186018988509e-15
 4.35 1.033448446129154 0.02012947890626371 0.18316823799640938 1.0463957984452543 -0.061089138381466436 -0.21628212626180718 1.0916441361974447e-15
 4.4 1.0436201049300002 0.018563852812683378 0.18559812994229422 1.0418136316299391 -0.05988010999856102 -0.21506448941842587 1.1047900875388314e-15
 4.45 1.0535538010052756 0.016957072195764162 0.18804478996234414 1.0371543067383027 -0.05860638956058449 -0.21395251165088217 1.1180401222887767e-15
 4.5 1.0632525548900187 0.015311274407015733 0.1905063923613072 1.0324235314269736 -0.05727128605329718 -0.2129432163140339 1.1303534063616945e-15
 4.55 1.0727196545106268 0.013628578309390326 0.19298113535009656 1.0276268637050125 -0.05587806623296151 -0.21203357696972205 1.141729939757585e-15
 4.6 1.081958624670763 0.011911076837922484 0.19546724601169632 1.0227697014738932 -0.054429946784891 -0.2112205347837452 1.1569922537396634e-15
 4.65 1.0909731977709325 0.010160830369047308 0.1979629847676954 1.0178572739465355 -0.052930087352154806 -0.21050101448650524 1.1702422884896087e-15
 4.7 1.0997672858820786 0.008379860880065952 0.20046664934958774 1.012894634827658 -0.05138158440814932 -0.20987193889674946 1.1851229633069722e-15
 4.75 1.108344954265369 0.006570146872023797 0.20297657828429927 1.0078866571304537 -0.04978746594064974 -0.20933024202714548 1.19594438519055e-15
 4.8 1.1167103964041623 0.0047336190226086716 0.20549115390799486 1.0028380295002162 -0.048150686909985134 -0.2088728808067378 1.2076678632816357e-15
 4.85 1.1248679105902328 0.002872156530478517 0.208008804926085 0.9977532539137501 -0.04647412544009147 -0.2084968454687549 1.2191137856165651e-15
 4.9 1.1328218780847956 0.0009875841085782646 0.21052800854050593 0.9926366446238145 -0.04476057969831809 -0.20819916866292604 1.2311495139333267e-15
 4.95 1.1405767428557958 -0.0009183304186204393 0.21304729216782195 0.9874923282201533 -0.04301276541791571 -0.20797693335963463 1.2423178805121e-15
 5.0 1.1481369928763057 -0.0028438779605629567 0.21556523477353867 0.9823242446825248 -0.04123331401602647 -0.2078272796191168 1.2548740258716545e-15
 5.05 1.1555071429546424 -0.004787409495937747 0.2180804678492708 0.9771361493062425 -0.03942477125963624 -0.20774741030275698 1.2696159228109398e-15
 5.1 1.1626917190548867 -0.0067473369448682406 0.22059167606013633 0.9719316153868006 -0.037589596432237964 -0.20773459580559955 1.2815128732496232e-15
 5.15 1.1696952440567214 -0.008722133624063247 0.2230975975900122 0.9667140375569151 -0.03573016195479956 -0.20778617788973505 1.2934618653925859e-15
 5.2 1.1765222248957445 -0.010710334329579817 0.22559702421214275 0.9614866356765455 -0.03384875341593606 -0.20789957269747994 1.3024444803916283e-15
 5.25 1.1831771410194774 -0.012710535089980518 0.22808880111210608 0.9562524591839638 -0.031947569967868614 -0.20807227302147707 1.310143400018448e-15
 5.3 1.1896644340900155 -0.014721392630468406 0.23057182648936972 0.951014391823541 -0.030028725046730143 -0.2083018499062127 1.3218668781095336e-15
 5.35 1.1959884988614404 -0.016741623586150077 0.23304505096266398 0.9457751566734846 -0.02809424737797583 -0.2085859536521666 1.3324454387064746e-15
 5.4 1.202153675158574 -0.01877000349999156 0.2355074768032158 0.9405373214041711 -0.026146082230011407 -0.20892231429005267 1.3470832522372014e-15
 5.45 1.2081642408832187 -0.020805365638364524 0.23795815701856726 0.9353033037048691 -0.024186092881602336 -0.20930874158851914 1.359795522709594e-15
 5.5 1.21402440597452 -0.022846599654388258 0.24039619430829084 0.9300753768234914 -0.0222160622711256 -0.2097431246543846 1.374867017109315e-15
 5.55 1.2197383072513608 -0.02489265012660583 0.24282073991144326 0.9248556751704784 -0.02023769479822743 -0.2102234311800996 1.3918987490368898e-15
 5.6 1.2253100040666043 -0.026942514997929577 0.2452309923641033 0.9196461999439759 -0.018252618250920012 -0.21074770638872867 1.4099019261110115e-15
 5.65 1.230743474705419 -0.028995243937280965 0.24762619618384285 0.9144488247391 -0.016262385833559517 -0.21131407172241962 1.4282520478803287e-15
 5.7 1.2360426134627132 -0.03104993664395712 0.25000564049650437 0.9092653011092774 -0.0142684782734723 -0.21192072331612027 1.4483715875951422e-15
 5.75 1.241211228337803 -0.0331057411124967 0.2523686576192228 0.9040972640524001 -0.012272305986218642 -0.21256593029426454 1.472047310435708e-15
 5.8 1.2462530392877194 -0.03516185187370165 0.2547146216122453 0.8989462373988647 -0.01027521128159158 -0.21324803292430683 1.4936760595746213e-15
 5.85 1.2511716769839705 -0.03721750822550635 0.2570429468107845 0.8938136390824665 -0.008278470594431358 -0.21396544065736492 1.5153915448873334e-15
 5.9 1.2559706820210401 -0.03927199246557243 0.25935308634688986 0.8887007862786325 -0.006283296726190389 -0.2147166300828447 1.5370549884957662e-15
 5.95 1.2606535045283715 -0.04132462813582642 0.2616445306701513 0.8836089003976054 -0.004290841084905848 -0.215500142820777 1.5548499987527707e-15
 6.0 1.2652235041410138 -0.04337477828764467 0.2639168060749556 0.8785391119229684 -0.002302195912827462 -0.21631458337269574 1.5709796744728376e-15
 6.05 1.2696839502874557 -0.045421843775020995 0.26616947324100276 0.8734924650883458 -0.0003183964924081662 -0.21715861694922617 1.591394117178567e-15
 6.1 1.274038022756418 -0.04746526158181992 0.26840212579285866 0.8684699223872593 0.00165957667730046 -0.21803096729012633 1.6106636423901519e-15
 6.15 1.278288812507491 -0.04950450318811542 0.2706143888834649 0.8634723689129817 0.003630795740593455 -0.2189304144903225 1.6303841957054906e-15
 6.2 1.2824393226934805 -0.05153907297963342 0.27280591780575125 0.8585006165268394 0.00559438338704749 -0.2198557928434918 1.6544242104760117e-15
 6.25 1.2864924698651456 -0.053568506703447205 0.27497639663579043 0.8535554078547949 0.007549510800107441 -0.22080598871295928 1.6828877701102737e-15
 6.3 1.2904510853316709 -0.05559236997230968 0.2771255369103024 0.8486374201133113 0.009495395656102074 -0.22177993843807864 1.7141095400713387e-15
 6.35 1.2943179166527161 -0.0576102568193372 0.279253076340746 0.8437472687664869 0.011431300176678177 -0.22277662628284364 1.748826777836497e-15
 6.4 1.298095629240219 -0.05962178830417696 0.28135877756572836 0.8388855110172672 0.013356529236942877 -0.22379508243221635 1.7848970999129173e-15
 6.45 1.3017868080502946 -0.06162661117128675 0.2834424269430143 0.8340526491362164 0.015270428530986474 -0.22483438104054532 1.8179836976106572e-15
 6.5 1.3053939593475912 -0.06362439656052381 0.2855038333820199 0.8292491336318717 0.017172382795916104 -0.2258936383354707 1.849005974371985e-15
 6.55 1.3089195125263204 -0.06561483876987131 0.2875428272173275 0.8244753662671352 0.019061814095056438 -0.22697201077985835 1.877842499553582e-15
 6.6 1.3123658219738903 -0.067597654069821 0.2895592591234554 0.8197317029264863 0.0209381801605633 -0.22806869329356325 1.9080668035159606e-15
 6.65 1.31573516896464 -0.06957257956867006 0.29155299907085397 0.8150184563390432 0.022800972795340737 -0.2291829175361792 1.9371114955146747e-15
 6.7 1.3190297635726145 -0.07153937212777678 0.29352393532287196 0.8103358986626709 0.024649716333849037 -0.230313950251381 1.964664325324049e-15
 6.75 1.32225174659363 -0.07349780732564437 0.2954719734732476 0.8056842639344363 0.026483966161133073 -0.2314610916729917 1.9909594806133398e-15
 6.8 1.3254031914680717 -0.07544767846956328 0.29739703552351293 0.8010637503927657 0.02830330728918322 -0.2326236739925087 2.021574097357813e-15
 6.85 1.3284861061969513 -0.07738879565343332 0.2992990589995665 0.7964745226766599 0.030107352989561367 -0.23380105988748473 2.057731155608032e-15
 6.9 1.331502435244737 -0.0793209848603047 0.3011779961065563 0.7919167139072903 0.03189574348107574 -0.23499264110988025 2.09096520480123e-15
 6.95 1.3344540614233502 -0.08124408710811805 0.30303381292112525 0.7873904276572348 0.03366814467116924 -0.2361978371332716 2.120937973859592e-15
 7.0 1.3373428077525227 -0.08315795763708406 0.3048664886199974 0.7828957398125128 0.03542424694959194 -0.2374160938576126 2.154033245174712e-15
 7.05 1.3401704392924325 -0.08506246513712105 0.3066760147438306 0.7784327003324738 0.0371637640328559 -0.23864688237009662 2.19176890178807e-15
 7.1 1.3429386649451736 -0.08695749101376116 0.3084623944952171 0.7740013349124522 0.038886431857918353 -0.23988969776055077 2.229565273723087e-15
 7.15 1.3456491392221943 -0.08884292869093965 0.31022564206968767 0.7696016465539652 0.04059200752350273 -0.24114405798970404 2.2691397372209804e-15
 7.2 1.3483034639753548 -0.09071868294909691 0.3119657820185557 0.7652336170470708 0.04228026827744588 -0.24240950280860948 2.306363650408925e-15
 7.25 1.3509031900897066 -0.09258466929704495 0.3136828486424307 0.7608972083693413 0.04395101054845114 -0.2436855927274577 2.3397364774802014e-15
 7.3 1.3534498191365087 -0.09444081337608093 0.31537688541423015 0.7565923640057445 0.045604049020628076 -0.24497190803199492 2.376917022581247e-15
 7.35 1.355944804985351 -0.09628705039486456 0.3170479444305255 0.7523190101935514 0.047239215749210986 -0.2462680478457505 2.416586895870319e-15
 7.4 1.358389555374572 -0.09812332459361701 0.3186960858900715 0.7480770570962217 0.04885635931586641 -0.24757362923628326 2.4541317329013196e-15
 7.45 1.360785433439437 -0.09994958873624155 0.3203213775983849 0.7438663999100463 0.050455344022024756 -0.2488882863636714 2.489573217717698e-15
 7.5 1.36313375919779 -0.10176580362901207 0.3219238944972611 0.7396869199071596 0.05203604911870108 -0.25021166966949443 2.5264415125930677e-15
 7.55 1.3654358109930982 -0.10357193766452318 0.3235037182181412 0.735538485418367 0.05359836807130439 -0.2515434451045882 2.562594234034597e-15
 7.6 1.367692826894999 -0.10536796638964419 0.32506093665827085 0.7314209527590722 0.05514220785797254 -0.2528832933938916 2.599709727005293e-15
 7.65 1.3699060060576165 -0.10715387209626841 0.3265956435786205 0.7273341671014282 0.05666748830000972 -0.2542309093367451 2.6358277539773027e-15
 7.7 1.3720765100360512 -0.10892964343369897 0.32810793822256945 0.7232779632956855 0.05817414142304647 -0.2555860011410487 2.66762198268544e-15
 7.75 1.3742054640615644 -0.1106952750415613 0.3295979249543873 0.7192521666435575 0.059662110847585374 -0.2569482897897351 2.696311056371579e-15
 7.8 1.3762939582760763 -0.11245076720218093 0.3310657129165796 0.7152565936262836 0.06113135120764029 -0.258317508438065 2.7246445117451426e-15
 7.85 1.3783430489266812 -0.11419612551141367 0.33251141570519954 0.7112910525899288 0.06258182759622259 -0.2596934018403031 2.75568413574123e-15
 7.9 1.3803537595209523 -0.1159313605669615 0.3339351510622592 0.7073553443903277 0.06401351503647276 -0.2610757258043881 2.7901628490284415e-15
 7.95 1.3823270819438604 -0.11765648767325357 0.335337040584409 0.7034492629999515 0.06542639797728123 -0.262464246673261 2.8278334535114504e-15
 8.0 1.3842639775371834 -0.11937152656201581 0.3367172094470877 0.6995725960788546 0.06682046981228719 -0.26385874083157107 2.8648882311604876e-15
 8.05 1.3861653781423093 -0.12107650112769602 0.3380757861433767 0.6957251255117434 0.0681957324211883 -0.2652589942365303 2.9017391788010973e-15
 8.1 1.3880321871073706 -0.1227714391769523 0.3394129022368268 0.6919066279130937 0.0695521957323378 -0.2666648019717402 2.9357885480280045e-15
 8.15 1.3898652802596603 -0.12445637219145309 0.34072869212755624 0.6881168751021426 0.07088987730564802 -0.2680759678228643 2.969295816168669e-15
 8.2 1.3916655068442945 -0.1261313351032754 0.3420232928309499 0.6843556345494757 0.07220880193486118 -0.2694923038740715 2.9986787792451984e-15
 8.25 1.3934336904300944 -0.12779636608222453 0.3432968437683207 0.6806226697968359 0.07350900126828822 -0.27091363012422237 3.0267650365234353e-15
 8.3 1.3951706297836584 -0.12945150633443397 0.34454948656892226 0.6769177408516912 0.07479051344715654 -0.2723397741218179 3.0547602208191835e-15
 8.35 1.3968770997125943 -0.1310967999116383 0.34578136488273126 0.6732406045580075 0.07605338276074478 -0.2737705706177772 3.079749996692802e-15
 8.4 1.3985538518788747 -0.1327322935305433 0.346992624203445 0.6695910149445973 0.07729765931751995 -0.27520586123515245 3.1051777902441044e-15
 8.45 1.4002016155832677 -0.1343580364017491 0.34818341170116657 0.6659687235523315 0.07852339873152794 -0.27664549415493445 3.1342485030949584e-15
 8.5 1.4018210985217852 -0.1359740800677109 0.3493538760642743 0.6623734797414316 0.079730661823322 -0.2780893238171411 3.163631466171488e-15
 8.55 1.40341298751507 -0.13758047824924993 0.3505041673499986 0.6588050309799895 0.08091951433474735 -0.2795372106364213 3.1976591513549453e-15
 8.6 1.404977949211635 -0.13917728670015364 0.35163443684325085 0.6552631231147967 0.0820900266569314 -0.28098902073144466 3.2316955101557827e-15
 8.65 1.40651663076584 -0.14076456306942903 0.3527448369232729 0.6517475006255014 0.08324227357085921 -0.28244462566738326 3.2645826146537853e-15
 8.7 1.408029660491481 -0.1423423667707976 0.35383552093769716 0.6482579068630551 0.0843763339999436 -0.28390390221082584 3.302639195110199e-15
 8.75 1.4095176484918375 -0.14391075885904217 0.3549066430836267 0.6447940842733552 0.08549229077402618 -0.2853667320964989 3.339075977520919e-15
 8.8 1.4109811872670097 -0.14546980191283768 0.3559583582953667 0.641355774606935 0.08659023040427341 -0.2868330018051997 3.370258716203775e-15
 8.85 1.4124208522993507 -0.1470195599237183 0.3569908221384555 0.6379427191155082 0.08767024286845602 -0.2883026023523774 3.3998021412018325e-15
 8.9 1.4138372026177772 -0.14856009819085253 0.358004190709662 0.6345546587361224 0.08873242140612582 -0.28977542908682524 3.4291482414044975e-15
 8.95 1.415230781341721 -0.15009148322131582 0.3589986205426341 0.63119133426364 0.08977686232322604 -0.29125138149897667 3.45756843295186e-15
 9.0 1.4166021162054607 -0.15161378263556763 0.35997426851889847 0.6278524865122156 0.09080366480569436 -0.29273036303832234 3.4829832160770928e-15
 9.05 1.4179517200635476 -0.15312706507785612 0.36093129178392747 0.6245378564664053 0.0918129307416385 -0.29421228093949 3.5106162768472307e-15
 9.1 1.4192800913780221 -0.15463140013128895 0.3618698476680039 0.6212471854225067 0.09280476455168475 -0.2956970460565536 3.539504843733107e-15
 9.15 1.4205877146880896 -0.1561268582373232 0.36279009361162895 0.6179802151206899 0.09377927302711876 -0.2971845727051596 3.5634646275428644e-15
 9.2 1.4218750610629056 -0.15761351061944082 0.363692187095231 0.6147366878684524 0.09473656517545649 -0.2986747785120792 3.586125537149984e-15
 9.25 1.4231425885380975 -0.15909142921078961 0.3645762855729467 0.6115163466558947 0.09567675207310074 -0.30016758427181733 3.604469153706267e-15
 9.3 1.4243907425366285 -0.1605606865855813 0.3654425464102571 0.6083189352632912 0.0965999467247549 -0.3016629138099256 3.6210411839127074e-15
 9.35 1.4256199562745882 -0.16202135589405 0.36629112682527326 0.6051441983613962 0.09750626392928184 -0.3031606938526869 3.6365615380118376e-15
 9.4 1.4268306511524746 -0.1634735108007853 0.36712218383347706 0.6019918816049064 0.09839582015171076 -0.3046608539028553 3.649447280831828e-15
 9.45 1.4280232371325117 -0.1649172254262645 0.3679358741957322 0.5988617317194714 0.09926873340110898 -0.3061633261211517 3.664425533844715e-15
 9.5 1.4291981131025253 -0.16635257429141798 0.36873235436939183 0.5957534965826259 0.1001251231140494 -0.30766804521323077 3.678716402680246e-15
 9.55 1.4303556672268865 -0.167779632265071 0.3695117804623364 0.5926669252989905 0.10096511004341763 -0.30917494832185005 3.6961666366464e-15
 9.6 1.4314962772850042 -0.16919847451411374 0.3702743081897863 0.5896017682700748 0.10178881615231422 -0.3106839749239852 3.715529403244818e-15
 9.65 1.4326203109978422 -0.1706091764562595 0.37102009283374043 0.5865577772589908 0.10259636451282045 -0.31219506673264896 3.740569052418371e-15
 9.7 1.4337281263429058 -0.17201181371525892 0.37174928920490075 0.5835347054503705 0.10338787920940584 -0.3137081676031843 3.762327905817983e-15
 9.75 1.434820071858137 -0.17340646207844448 0.3724620516069503 0.5805323075057642 0.10416348524676732 -0.31522322344381287 3.783301796844714e-15
 9.8 1.4358964869351347 -0.17479319745648766 0.37315853380305836 0.577550339614781 0.10492330846189925 -0.31674018213023236 3.8044166341538696e-15
 9.85 1.436957702102102 -0.17617209584525625 0.37383888898449436 0.5745885595422142 0.10566747544020365 -0.3182589934240662 3.822829639649191e-15
 9.9 1.4380040392969085 -0.177543233289666 0.37450326974123777 0.5716467266713873 0.10639611343545839 -0.3197796088949796 3.8370402775239586e-15
 9.95 1.4390358121306388 -0.17890668584942687 0.3751518280344772 0.5687246020439349 0.10710935029347067 -0.32130198184628433 3.8513875248724594e-15
 10.0 1.4400533261419861 -0.18026252956658845 0.3757847151708982 0.5658219483962281 0.10780731437925026 -0.32282606724386603 3.864858736865592e-15
 10.05 1.441056879042834 -0.18161084043479528 0.37640208177866347 0.5629385301926354 0.10849013450754556 -0.324351821648273 3.8791235848489836e-15
 10.1 1.4420467609553578 -0.18295169437016703 0.3770040777849965 0.5600741136558047 0.10915793987659288 -0.32587920314981667 3.892018001286354e-15
 10.15 1.4430232546409643 -0.18428516718372318 0.3775908523952813 0.5572284667941387 0.1098108600049357 -0.3274081713065401 3.907709659328737e-15
 10.2 1.4439866357213729 -0.18561133455527581 0.3781625540735984 0.5544013594266259 0.11044902467117845 -0.32893868708491764 3.927053994490223e-15
 10.25 1.4449371728921356 -0.18693027200871895 0.3787193305246203 0.5515925632051819 0.11107256385654472 -0.33047071280315743 3.9441128314721095e-15
 10.3 1.4458751281288755 -0.18824205488864554 0.3792613286767933 0.548801851634646 0.11168160769011651 -0.3320042120769829 3.964019867561116e-15
 10.35 1.446800756886516 -0.18954675833822773 0.37978869466673726 0.5460290000905696 0.11227628639663656 -0.3335391497677776 3.980299163180986e-15
 10.4 1.4477143082917616 -0.19084445727829902 0.38030157382479857 0.5432737858349268 0.11285673024676149 -0.33507549193298186 3.997909859068668e-15
 10.45 1.4486160253290807 -0.19213522638758 0.38080011066169384 0.5405359880298672 0.11342306950965846 -0.33661320577863635 4.014455868422969e-15
 10.5 1.4495061450204314 -0.19341914008399275 0.38128444885618706 0.5378153877496286 0.11397543440784318 -0.3381522596139725 4.031096203366277e-15
 10.55 1.4503848985989611 -0.19469627250701155 0.38175473124374426 0.5351117679907156 0.1145139550741617 -0.33969262280795476 4.047714854266135e-15
 10.6 1.4512525116769042 -0.19596669750100015 0.38221109980611356 0.5324249136804494 0.11503876151082304 -0.34123426574768423 4.064552514004835e-15
 10.65 1.4521092044078876 -0.1972304885994888 0.38265369566178126 0.5297546116839831 0.11554998355039359 -0.34277715979857815 4.082026600418784e-15
 10.7 1.4529551916438537 -0.1984877190103461 0.38308265905725686 0.5271006508098756 0.11604775081866896 -0.344321277266243 4.097509007441877e-15
 10.75 1.453790683086796 -0.19973846160180356 0.38349812935914307 0.52446282181431 0.11653219269934204 -0.3458665913599646 4.113853355192096e-15
 10.8 1.454615883435496 -0.2009827888892925 0.383900245046948 0.5218409174040382 0.11700343830039008 -0.34741307615774025 4.129520076584512e-15
 10.85 1.4554309925274467 -0.2022207730230549 0.3842891437066002 0.5192347322381274 0.11746161642210727 -0.34896070657278344 4.145699625604513e-15
 10.9 1.4562362054761337 -0.20345248577649233 0.38466496202462935 0.5166440629285839 0.1179068555267122 -0.35050945832143454 4.1622597295870565e-15
 10.95 1.4570317128038464 -0.2046779985352179 0.3850278357829752 0.5140687080399196 0.11833928370946299 -0.35205930789241296 4.177735631397114e-15
 11.0 1.4578177005701773 -0.20589738228677887 0.3853778998543932 0.5115084680877289 0.11875902867121584 -0.3536102325173517 4.192546917275439e-15
 11.05 1.458594350496368 -0.2071107076110187 0.38571528819842255 0.5089631455363354 0.11916621769236567 -0.35516221014255517 4.2094160188771405e-15
 11.1 1.4593618400856494 -0.2083180446710487 0.3860401338578881 0.5064325447955671 0.11956097760811016 -0.35671521940192724 4.22605310121393e-15
 11.15 1.4601203427397194 -0.20951946320480122 0.38635256895590603 0.5039164722167144 0.1199434347849811 -0.3582692395910157 4.24735333709458e-15
 11.2 1.4608700278714986 -0.21071503251713766 0.38665272469336665 0.5014147360877231 0.1203137150985894 -0.35982425064212487 4.271400941280309e-15
 11.25 1.4616110610142947 -0.2119048214724857 0.38694073134686846 0.4989271466276702 0.12067194391253293 -0.36138023310044826 4.295422524613898e-15
 11.3 1.4623436039275033 -0.2130888984879815 0.3872167182670789 0.4964535159805696 0.1210182460584175 -0.3629371681011764 4.317984771823321e-15
 11.35 1.4630678146989688 -0.21426733152709346 0.3874808138774984 0.4939936582085508 0.12135274581694488 -0.3644950373475372 4.339379333292978e-15
 11.4 1.4637838478441236 -0.21544018809370638 0.38773314567360617 0.4915473892844515 0.12167556690002264 -0.3660538230897278 4.35960729322504e-15
 11.45 1.4644918544020173 -0.2166075352266439 0.3879738402223665 0.48911452708386355 0.12198683243385294 -0.3676135081046988 4.381487577267969e-15
 11.5 1.4651919820283477 -0.21776943949461008 0.38820302316207567 0.4866948913766682 0.1222866649429596 -0.3691740756767541 4.405739011462125e-15
 11.55 1.465884375085596 -0.21892596699153108 0.38842081920253174 0.4842883038180964 0.12257518633511391 -0.37073550957893076 4.431057300594006e-15
 11.6 1.4665691747303695 -0.2200771833322781 0.38862735212550786 0.4818945879393459 0.12285251788712166 -0.37229779405512503 4.4555190700096245e-15
 11.65 1.4672465189980468 -0.22122315364875508 0.3888227447855137 0.47951356913778687 0.12311878023143571 -0.3738609138029326 4.4759183338849395e-15
 11.7 1.467916542884822 -0.22236394258633435 0.38900711911082825 0.47714507466678474 0.12337409334355944 -0.3754248539571725 4.494488006594185e-15
 11.75 1.4685793784272334 -0.2234996143006243 0.38918059610478906 0.4747889336251687 0.12361857653020818 -0.3769896000740648 4.514292585577892e-15
 11.8 1.4692351547792688 -0.22463023245455443 0.3893432958473237 0.47244497694637116 0.12385234841819731 -0.378555138116035 4.526488775816181e-15
 11.85 1.4698839982871252 -0.22575586021576333 0.38949533749670945 0.4701130373872631 0.12407552694402658 -0.3801214544371179 4.535998855172137e-15
 11.9 1.4705260325617076 -0.2268765602542757 0.38963683929154885 0.46779294951670947 0.12428822934413172 -0.3816885357689358 4.5457068014245724e-15
 11.95 1.471161378548941 -0.22799239474045566 0.38976791855294834 0.46548454970386516 0.12449057214577583 -0.38325636920722633 4.5550553346568285e-15
 12.0 1.4717901545979721 -0.22910342534322395 0.3898886916868887 0.46318767610623385 0.12468267115855389 -0.3848249421988976 4.56886427562669e-15
 12.05 1.4724124765273303 -0.23020971322852657 0.389999274186776 0.4609021686575085 0.12486464146648481 -0.38639424252958776 4.578301171336004e-15
 12.1 1.4730284576891182 -0.2313113190580442 0.390099780636163 0.4586278690552123 0.12503659742066697 -0.38796425831170817 4.5906941442685994e-15
 12.15 1.473638209031298 -0.23240830298813114 0.39019032471163073 0.45636462074815803 0.1251986526324735 -0.3895349779729501 4.603041038608864e-15
 12.2 1.4742418391581367 -0.23350072466897326 0.39027101918582086 0.4541122689237417 0.1253509199672651 -0.39110639024523547 4.6125733441093564e-15
 12.25 1.4748394543888719 -0.23458864324395548 0.39034197593061015 0.4518706604950867 0.125493511538599 -0.39267848415409345 4.624959811828917e-15
 12.3 1.4754311588146591 -0.2356721173492289 0.39040330592041833 0.44963964408805307 0.12562653870291318 -0.3942512490084451 4.634541990629344e-15
 12.35 1.4760170543538553 -0.23675120511346862 0.3904551192356414 0.447419070028126 0.12575011205466646 -0.39582467439077973 4.644104653790666e-15
 12.4 1.476597240805694 -0.23782596415781362 0.3904975250662028 0.44520879032719607 0.12586434142191516 -0.39739875014770604 4.654733629788628e-15
 12.45 1.4771718159024074 -0.2388964515959804 0.39053063171521474 0.4430086586702451 0.1259693358623085 -0.3989734663808637 4.6652216595041664e-15
 12.5 1.4777408753598438 -0.2399627240345423 0.39055454660274397 0.44081853040194746 0.1260652036594849 -0.4005488134381799 4.669389332655201e-15
 12.55 1.4783045129266303 -0.24102483757336693 0.390569376269674 0.43863826251319993 0.12615205231985288 -0.4021247819054574 4.670997746578083e-15
 12.6 1.4788628204319305 -0.24208284780620468 0.39057522638165826 0.43646771362758885 0.12622998856974021 -0.40370136259828027 4.676148248998475e-15
 12.65 1.4794158878318382 -0.24313680982142083 0.3905722017331591 0.43430674398780555 0.126299118352896 -0.4052785465542244 4.6815838965902315e-15
 12.7 1.4799638032544562 -0.24418677820286516 0.3905604062515652 0.4321552154420189 0.12635954682833103 -0.40685632502536123 4.689923037599904e-15
 12.75 1.4805066530436994 -0.2452328070308721 0.39053994300138384 0.43001299143021393 0.12641137836848187 -0.40843468947104183 4.69776669821675e-15
 12.8 1.4810445218018657 -0.24627494988338575 0.39051091418850226 0.4278799369705045 0.12645471655768553 -0.4100136315509513 4.708001024623927e-15
 12.85 1.481577492431011 -0.24731325983720362 0.3904734211645131 0.4257559186454285 0.12648966419095126 -0.4115931431184214 4.7173842523257025e-15
 12.9 1.48210564617317 -0.24834778946933353 0.39042756443109977 0.4236408045882319 0.12651632327301696 -0.4131732162139925 4.734071207962427e-15
 12.95 1.4826290626494576 -0.24937859085845843 0.39037344364447735 0.4215344644691496 0.12653479501767842 -0.41475384305921387 4.748183725540585e-15
 13.0 1.483147819898086 -0.25040571558650354 0.39031115761988494 0.41943676948168906 0.1265451798473794 -0.41633501605067336 4.756155864114871e-15
 13.05 1.483661994411334 -0.25142921474030144 0.3902408043361254 0.41734759232892293 0.1265475773930516 -0.41791672775424743 4.7676511176486485e-15
 13.1 1.4841716611714988 -0.25244913891334986 0.39016248094014894 0.41526680720979625 0.1265420864941941 -0.41949897089956273 4.770072683200895e-15
 13.15 1.4846768936858636 -0.2534655382076578 0.3900762837516771 0.4131942898054544 0.1265288051991813 -0.4210817383746611 4.770271634299546e-15
 13.2 1.485177764020713 -0.2544784622356758 0.3899823082678637 0.41112991726559595 0.12650783076579042 -0.4226650232208599 4.773385462938924e-15
 13.25 1.4856743428344232 -0.2554879601223054 0.3898806491679895 0.40907356819485563 0.12647925966193818 -0.4242488186277999 4.7676050390563175e-15
 13.3 1.4861666994096578 -0.2564940805069852 0.3897714003181878 0.4070251226392225 0.1264431875666181 -0.42583311792867373 4.760198854016069e-15
 13.35 1.4866549016846962 -0.25749687154584794 0.38965465477619793 0.4049844620724964 0.1263997093710295 -0.4274179145956281 4.748065005402698e-15
 13.4 1.487139016283921 -0.2584963809139462 0.389530504796144 0.4029514693827874 0.12634891917988988 -0.4290032022353322 4.73133088697147e-15
 13.45 1.4876191085474915 -0.2594926558075425 0.3893990418333363 0.4009260288590623 0.1262909103129221 -0.4305889745847069 4.719562143439683e-15
 13.5 1.4880952425602256 -0.26048574294646043 0.38926035654909297 0.3989080261777406 0.1262257753065096 -0.43217522550680765 4.699810148261342e-15
 13.55 1.4885674811797192 -0.26147568857649406 0.3891145388155796 0.3968973483893442 0.12615360591551095 -0.4337619489868561 4.674540377176679e-15
 13.6 1.4890358860637187 -0.26246253847187156 0.3889616777206645 0.39489388390520336 0.12607449311522742 -0.4353491391284139 4.645982763003954e-15
 13.65 1.4895005176967782 -0.2634463379377711 0.3888018615727873 0.39289752248422205 0.12598852710351635 -0.43693679014969383 4.618462188209212e-15
 13.7 1.489961435416215 -0.2644271318128848 0.3886351779058398 0.3909081552197053 0.12589579730304365 -0.43852489638000286 4.587156663630322e-15
 13.75 1.4904186974373894 -0.2654049644720293 0.3884617134840559 0.3889256745262506 0.1257963923636691 -0.44011345225631193 4.56174106735346e-15
 13.8 1.4908723608783279 -0.2663798798287995 0.3882815543069098 0.3869499741267066 0.12569040016495817 -0.4417024523199479 4.5381434070693125e-15
 13.85 1.491322481783708 -0.2673519213382627 0.38809478561402033 0.3849809490392005 0.12557790781881464 -0.4432918912134034 4.51424569383393e-15
 13.9 1.4917691151482262 -0.2683211319996913 0.38790149189005985 0.3830184955642361 0.1254590016722283 -0.4448817636772589 4.493901995319955e-15
 13.95 1.4922123149393645 -0.26928755435933155 0.38770175686966624 0.38106251127186525 0.12533376731013196 -0.44647206454721444 4.467029231323273e-15
 14.0 1.4926521341195755 -0.27025123051320527 0.3874956635423566 0.37911289498893336 0.125202289558363 -0.4480627887512256 4.44699832513606e-15
 14.05 1.4930886246679027 -0.2712122021099436 0.387283294157441 0.37716954678640124 0.12506465248672388 -0.4496539313067407 4.432032540448156e-15
 14.1 1.4935218376010515 -0.2721705103536498 0.3870647302289352 0.3752323679667445 0.1249209394121372 -0.45124548731803443 4.419323251531737e-15
 14.15 1.4939518229939286 -0.27312619600678917 0.38684005254047116 0.3733012610514319 0.12477123290189024 -0.4528374519736358 4.4003673317985435e-15
 14.2 1.4943786299996633 -0.2740792993931045 0.3866093411502037 0.37137612976848433 0.12461561477696473 -0.45442982054384523 4.379518124021647e-15
 14.25 1.4948023068691287 -0.2750298604005547 0.3863726753957128 0.3694568790401144 0.12445416611544739 -0.456022588378339 4.360437249988075e-15
 14.3 1.4952229009699733 -0.2759779184842755 0.3861301338989003 0.36754341497044934 0.12428696725601705 -0.4576157509038566 4.343958461168468e-15
 14.35 1.4956404588051813 -0.27692351266955945 0.38588179457087923 0.36563564483333655 0.12411409780150447 -0.459209303621969 4.330771852245613e-15
 14.4 1.4960550260311714 -0.2778666815548548 0.38562773461685623 0.36373347706023396 0.12393563662252072 -0.4608032421069238 4.319299909058544e-15
 14.45 1.4964666474754502 -0.27880746331478046 0.3853680305410049 0.3618368212281852 0.12375166186115076 -0.46239756200356547 4.309860031793256e-15
 14.5 1.4968753671538315 -0.2797458957031566 0.3851027581513297 0.35994558804788074 0.12356225093470831 -0.4639922590253271 4.29611234824614e-15
 14.55 1.4972812282872339 -0.2806820160560484 0.38483199256451983 0.35805968935180493 0.12336748053954874 -0.4655873289522914 4.283158571739826e-15
 14.6 1.4976842733180682 -0.28161586129482236 0.3845558082107917 0.3561790380824708 0.12316742665493667 -0.46718276762931876 4.2687969587125396e-15
 14.65 1.4980845439262283 -0.2825474679292132 0.38427427883871995 0.3543035482807416 0.12296216454696496 -0.4687785709642392 4.263601461901989e-15
 14.7 1.498482081044694 -0.2834768720604007 0.3839874775200556 0.3524331350742408 0.1227517687725222 -0.4703747349261064 4.269132519284924e-15
 14.75 1.498876924874758 -0.2844041093840942 0.3836954766545313 0.3505677146658498 0.1225363131833055 -0.47197125554351155 4.278401363657502e-15
 14.8 1.4992691149008883 -0.28532921519362514 0.38339834797465305 0.3487072043222948 0.1223158709298761 -0.47356812890295474 4.290156825712677e-15
 14.85 1.499658689905234 -0.2862522243830442 0.3830961625504768 0.3468515223628221 0.12209051446575458 -0.47516535114727154 4.300424220286114e-15
 14.9 1.500045687981786 -0.2871731714502246 0.3827889907943709 0.34500058814796275 0.12186031555155352 -0.4767629184741134 4.314309868559679e-15
 14.95 1.500430146550203 -0.28809209049996803 0.3824769024657625 0.34315432206838636 0.12162534525914469 -0.47836082713447947 4.3308428674879106e-15
 15.0 1.5008121023693088 -0.2890090152471142 0.3821599666758685 0.34131264553384416 0.12138567397585862 -0.47995907343129823 4.352529621443052e-15
 15.05 1.5011915915502734 -0.2899239790196513 0.38183825189240966 0.3394754809622015 0.12114137140871396 -0.48155765371805676 4.368868548182408e-15
 15.1 1.5015686495694844 -0.2908370147618276 0.38151182594430805 0.33764275176856007 0.1208925065886746 -0.4831565643974767 4.390519794516401e-15
 15.15 1.501943311281118 -0.2917481550372631 0.38118075602636703 0.3358143823544694 0.12063914787493216 -0.4847558019202342 4.408796461588532e-15
 15.2 1.5023156109294178 -0.29265743203205963 0.3808451087039338 0.33399029809722786 0.12038136295921183 -0.48635536278372354 4.428075202518584e-15
 15.25 1.5026855821606881 -0.29356487755790955 0.3805049499175436 0.3321704253392727 0.12011921887009971 -0.48795524353086156 4.444789534260163e-15
 15.3 1.503053258035012 -0.2944705230552016 0.38016034498754553 0.33035469137766016 0.11985278197738951 -0.4895554407489325 4.466211607359946e-15
 15.35 1.5034186710376976 -0.2953743995961232 0.37981135861870985 0.32854302445363376 0.11958211799644673 -0.49115595106847115 4.4875156379482e-15
 15.4 1.5037818530904647 -0.29627653788775865 0.3794580549048158 0.3267353537422824 0.11930729199258877 -0.49275677116218364 4.508660426342371e-15
 15.45 1.5041428355623747 -0.29717696827518253 0.37910049733322054 0.3249316093422867 0.11902836838547892 -0.49435789774390343 4.5315576920230924e-15
 15.5 1.5045016492805114 -0.29807572074454725 0.3787387487894078 0.32313172226575415 0.11874541095353285 -0.49595932756758265 4.5525924338967556e-15
 15.55 1.5048583245404221 -0.2989728249261646 0.3783728715615172 0.32133562442814245 0.11845848283833588 -0.4975610574263164 4.572781227025336e-15
 15.6 1.5052128911163212 -0.29986831009758047 0.3780029273448534 0.3195432486382714 0.11816764654906943 -0.49916308415139937 4.592172996031869e-15
 15.65 1.5055653782710652 -0.3007622051866416 0.3776289772463743 0.31775452858842185 0.11787296396694537 -0.5007654046114138 4.607134714961625e-15
 15.7 1.5059158147659049 -0.301654538774555 0.37725108178915906 0.3159693988445229 0.11757449634964665 -0.5023680157113473 4.628408658939593e-15
 15.75 1.5062642288700192 -0.30254533909893816 0.3768693009168556 0.31418779483642584 0.11727230433577285 -0.5039709143917392 4.6443023851618724e-15
 15.8 1.5066106483698378 -0.3034346340568605 0.3764836939981065 0.3124096528482651 0.11696644794928965 -0.5055740976278562 4.670167925340316e-15
 15.85 1.5069551005781572 -0.304322451207875 0.376094319830954 0.3106349100089057 0.11665698660398048 -0.5071775624288932 4.698088435211434e-15
 15.9 1.5072976123430555 -0.3052088177770397 0.3757012366472239 0.3088635042824769 0.11634397910789955 -0.5087813058372018 4.722876820531513e-15
 15.95 1.5076382100566126 -0.3060937606579287 0.3753045021168877 0.3070953744589916 0.11602748366782482 -0.5103853249275427 4.749693748116312e-15
 16.0 1.5079769196634376 -0.30697730641563215 0.37490417335240334 0.3053304601450511 0.11570755789370997 -0.5119896168063635 4.77080790779911e-15
 16.05 1.5083137666690123 -0.3078594812897446 0.3745003069130339 0.3035687017546347 0.11538425880313422 -0.5135941786110985 4.780354578978388e-15
 16.1 1.5086487761478518 -0.3087403111973417 0.3740929588091447 0.3018100404999743 0.11505764282574883 -0.515199007509493 4.790464222135729e-15
 16.15 1.50898197275149 -0.30961982173594443 0.3736821845064786 0.3000544183825125 0.11472776580771973 -0.5168041006989477 4.7929134348433734e-15
 16.2 1.5093133807162917 -0.31049803818647104 0.3732680389304087 0.2983017781839451 0.11439468301616468 -0.518409455405885 4.8004079823606795e-15
 16.25 1.509643023871098 -0.3113749855161756 0.3728505764701694 0.296552063457346 0.11405844914358462 -0.520015068885136 4.813745701961325e-15
 16.3 1.509970925644707 -0.3122506883815736 0.37242985098306486 0.2948052185183759 0.11371911831228805 -0.5216209384193462 4.8355114671497865e-15
 16.35 1.5102971090731954 -0.3131251711313538 0.3720059157986554 0.2930611884365722 0.11337674407880763 -0.5232270613184007 4.8569709452245204e-15
 16.4 1.510621596807086 -0.31399845780927604 0.3715788237229214 0.29131991902672194 0.11303137943830815 -0.5248334349188681 4.879115096971179e-15
 16.45 1.5109444111183614 -0.31487057215705505 0.3711486270424047 0.2895813568403152 0.11268307682898533 -0.5264400565834616 4.901304243107996e-15
 16.5 1.5112655739073306 -0.31574153761722956 0.3707153775283277 0.2878454491570798 0.1123318881364544 -0.528046923700517 4.9276961634411815e-15
 16.55 1.5115851067093522 -0.3166113773360168 0.3702791264406898 0.28611214397659634 0.11197786469812783 -0.5296540336834877 4.9561242154542945e-15
 16.6 1.5119030307014154 -0.31748011416615196 0.369839924532341 0.28438139000999313 0.11162105730758176 -0.5312613839704559 4.983617549669454e-15
 16.65 1.5122193667085853 -0.31834777066971237 0.36939782205303345 0.28265313667172065 0.11126151621891012 -0.5328689720236578 5.0087473231485944e-15
 16.7 1.5125341352103128 -0.3192143691209262 0.3689528687534499 0.2809273340714047 0.11089929115106612 -0.5344767953290255 5.030419982475493e-15
 16.75 1.5128473563466152 -0.32007993150896574 0.36850511388920965 0.27920393300577806 0.11053443129219022 -0.536084851395742 5.064969033378645e-15
 16.8 1.513159049924128 -0.3209444795407243 0.3680546062248517 0.2774828849506902 0.11016698530392431 -0.5376931377558106 5.0974613527605915e-15
 16.85 1.513469235422034 -0.3218080346435776 0.36760139403779535 0.275764142053194 0.10979700132571132 -0.5393016519636373 5.126718683910384e-15
 16.9 1.5137779319978688 -0.3226706179681286 0.3671455251222781 0.2740476571237097 0.10942452697907984 -0.5409103915956267 5.1539846067198644e-15
 16.95 1.5140851584932098 -0.3235322503909361 0.3666870467932707 0.2723333836282649 0.10904960937191317 -0.5425193542497897 5.179224020143698e-15
 17.0 1.514390933439248 -0.3243929525172265 0.3662260058903694 0.27062127568081057 0.10867229510270242 -0.5441285375453643 5.207903878111371e-15
 17.05 1.5146952750622484 -0.3252527446835893 0.36576244878166597 0.2689112880356121 0.10829263026478317 -0.5457379391224467 5.23506639513865e-15
 17.1 1.5149982012888985 -0.3261116469606553 0.3652964213675943 0.2672033760797153 0.10791066045055514 -0.5473475566416351 5.2567279413932815e-15
 17.15 1.5152997297515507 -0.3269696791557583 0.36482796908475507 0.2654974958254867 0.10752643075568465 -0.5489573877836832 5.27653970321638e-15
 17.2 1.5155998777933581 -0.3278268608155792 0.3643571369097171 0.26379360390322737 0.10713998578328927 -0.5505674302491649 5.304698059939087e-15
 17.25 1.5158986624733093 -0.3286832112287732 0.36388396936279654 0.2620916575538599 0.10675136964810446 -0.552177681758149 5.3325272257771735e-15
 17.3 1.5161961005711613 -0.3295387494285798 0.363408510511813 0.2603916146216881 0.10636062598063165 -0.5537881400498836 5.361481115843942e-15
 17.35 1.516492208592276 -0.33039349419541514 0.3629308039758235 0.25869343354722885 0.10596779793126761 -0.5553988028824904 5.382778234643346e-15
 17.4 1.5167870027723602 -0.33124746405944694 0.3624508929288336 0.2569970733601155 0.10557292817441463 -0.5570096680326673 5.409378321793649e-15
 17.45 1.5170804990821118 -0.33210067730315196 0.3619688201034858 0.2553024936720722 0.10517605891257129 -0.5586207332954006 5.4433190675154e-15
 17.5 1.5173727132317765 -0.3329531519638558 0.36148462779472595 0.2536096546699588 0.1047772318804034 -0.5602319964836859 5.477999171356151e-15
 17.55 1.517663660675613 -0.33380490583625483 0.36099835786344675 0.25191851710888574 0.10437648834879514 -0.5618434554282564 5.508679179044152e-15
 17.6 1.517953356616273 -0.3346559564749207 0.3605100517401089 0.25022904230539855 0.10397386912887956 -0.5634551079773199 5.535947270257977e-15
 17.65 1.5182418160090947 -0.3355063211967866 0.36001975042833995 0.248541192130731 0.1035694145760489 -0.5650669519963034 5.575984484795614e-15
 17.7 1.5185290535663143 -0.33635601708361595 0.35952749450851074 0.24685492900412667 0.10316316459394392 -0.566678985367605 5.6081582520267575e-15
 17.75 1.5188150837611953 -0.3372050609844533 0.3590333241412895 0.24517021588622864 0.10275515863842224 -0.5682912059903528 5.639496234908186e-15
 17.8 1.5190999208320786 -0.33805346951805676 0.3585372790711739 0.24348701627253622 0.10234543572150556 -0.5699036117801713 5.674867178820717e-15
 17.85 1.519383578786355 -0.33890125907531315 0.35803939863000034 0.2418052941869286 0.10193403441530534 -0.5715162006689545 5.705132208127199e-15
 17.9 1.5196660714043617 -0.33974844582163466 0.357539721740432 0.2401250141752548 0.10152099285592697 -0.5731289706046443 5.745993009740111e-15
 17.95 1.5199474122432044 -0.3405950456993376 0.35703828691942385 0.23844614129898944 0.1011063487473521 -0.5747419195510173 5.781774256412292e-15
 18.0 1.5202276146405072 -0.3414410744300033 0.356535132281666 0.2367686411289535 0.10069013936529904 -0.5763550454874754 5.820589642864174e-15
 18.05 1.5205066917180907 -0.342286547516821 0.3560302955430053 0.23509247973910002 0.1002724015610611 -0.5779683464088441 5.871664442093529e-15
 18.1 1.5207846563855818 -0.34313148024691226 0.3555238140238446 0.23341762370036398 0.09985317176532253 -0.5795818203251752 5.9250122711774995e-15
 18.15 1.521061521343955 -0.34397588769363785 0.3550157246525203 0.23174404007457566 0.09943248599195229 -0.5811954652615559 5.978363556155895e-15
 18.2 1.5213372990890064 -0.3448197847188863 0.3545060639686582 0.23007169640843741 0.09901037984177508 -0.582809279257922 6.045896070025129e-15
 18.25 1.521612001914765 -0.3456631859753447 0.35399486812650727 0.2284005607275629 0.09858688850631991 -0.584423260368878 6.112216174814981e-15
 18.3 1.5218856419168385 -0.3465061059087511 0.3534821728982521 0.22673060153057856 0.09816204677154597 -0.5860374066635203 6.181986278680318e-15
 18.35 1.5221582309956971 -0.3473485587601293 0.3529680136773035 0.2250617877832866 0.09773588902154541 -0.5876517162252661 6.251298984754137e-15
 18.4 1.5224297808598979 -0.3481905585680056 0.3524524254815675 0.22339408891288925 0.09730844924222347 -0.5892661871516869 6.332037758710603e-15
 18.45 1.522700303029248 -0.3490321191706072 0.35193544295669316 0.22172747480227345 0.09687976102495544 -0.5908808175543461 6.407478646513853e-15
 18.5 1.522969808837911 -0.3498732542080433 0.3514171003792985 0.22006191578435572 0.09644985757022065 -0.5924956055586413 6.484383275012595e-15
 18.55 1.5232383094374555 -0.35071397712446784 0.3508974316601755 0.21839738263648673 0.09601877169121319 -0.5941105493036507 6.559012230913926e-15
 18.6 1.5235058157998473 -0.3515543011702245 0.35037647034747343 0.21673384657491482 0.09558653581742954 -0.5957256469419828 6.6379926322345265e-15
 18.65 1.5237723387203894 -0.3523942394039742 0.3498542496298613 0.2150712792493082 0.09515318199823283 -0.5973408966396312 6.721963616155079e-15
 18.7 1.5240378888206056 -0.35323380469480414 0.3493308023396689 0.21340965273733511 0.09471874190639391 -0.5989562965758318 6.8051298510131035e-15
 18.75 1.5243024765510744 -0.35407300972432 0.348806160956007 0.21174893953930202 0.09428324684160895 -0.6005718449429251 6.8913571951798695e-15
 18.8 1.5245661121942091 -0.35491186698871957 0.3482803576078664 0.21008911257284835 0.09384672773399377 -0.6021875399462207 6.9742808398018e-15
 18.85 1.5248288058669908 -0.3557503888008494 0.34775342407719584 0.2084301451676984 0.09340921514755468 -0.6038033798038653 7.054655118540403e-15
 18.9 1.5250905675236497 -0.35658858729224346 0.34722539180195955 0.20677201106046905 0.0929707392836359 -0.6054193627467157 7.147841753164446e-15
 18.95 1.5253514069582998 -0.3574264744151445 0.3466962918791737 0.2051146843895333 0.09253132998434369 -0.607035487018212 7.243281630953457e-15
 19.0 1.5256113338075261 -0.3582640619445079 0.34616615506792214 0.20345813968993898 0.0920910167359467 -0.6086517508742563 7.337490532700882e-15
 19.05 1.5258703575529258 -0.3591013614799878 0.34563501179235157 0.20180235188838214 0.09164982867225324 -0.6102681525830935 7.436219541068036e-15
 19.1 1.5261284875236039 -0.3599383844479064 0.3451028921446462 0.20014729629823472 0.0912077945779648 -0.6118846904251947 7.523552093824379e-15
 19.15 1.5263857328986261 -0.36077514210320555 0.34456982588798185 0.19849294861462596 0.09076494289200623 -0.6135013626931435 7.6107741934844e-15
 19.2 1.5266421027094264 -0.36161164553138136 0.34403584245945973 0.19683928490957722 0.09032130171083254 -0.6151181676915253 7.69564547178393e-15
 19.25 1.5268976058421735 -0.36244790565040136 0.34350097097301985 0.19518628162718935 0.08987689879171212 -0.6167351037368186 7.765976514748256e-15
 19.3 1.5271522510400957 -0.3632839332126049 0.34296524022233427 0.19353391557888272 0.0894317615559867 -0.6183521691572893 7.836010757367865e-15
 19.35 1.5274060469057644 -0.3641197388065862 0.34242867868368 0.19188216393868907 0.08898591709230774 -0.6199693622928869 7.897566674523908e-15
 19.4 1.5276590019033383 -0.36495533285906084 0.34189131451879207 0.19023100423859468 0.08853939215984975 -0.6215866814951434 7.963501887542528e-15
 19.45 1.5279111243607681 -0.3657907256367149 0.34135317557769645 0.1885804143639347 0.08809221319149994 -0.6232041251270742 8.026492339698042e-15
 19.5 1.5281624224719637 -0.3666259272480377 0.340814289401523 0.18693037254883788 0.08764440629702477 -0.6248216915630813 8.087232665769833e-15
 19.55 1.5284129042989223 -0.36746094764513765 0.34027468322529864 0.18528085737172156 0.08719599726621328 -0.6264393791888585 8.152774855500927e-15
 19.6 1.5286625777738219 -0.36829579662554135 0.33973438398072103 0.18363184775083605 0.08674701157199703 -0.6280571864012985 8.222626816630287e-15
 19.65 1.5289114507010761 -0.36913048383397634 0.33919341829891203 0.18198332293985833 0.08629747437354705 -0.6296751116084022 8.30418335007535e-15
 19.7 1.5291595307593564 -0.36996501876413723 0.338651812513152 0.18033526252353463 0.08584741051934759 -0.6312931532291897 8.396146259259836e-15
 19.75 1.5294068255035775 -0.3707994107604354 0.3381095926615944 0.17868764641337104 0.08539684455024672 -0.632911309693613 8.48334437094679e-15
 19.8 1.5296533423668504 -0.3716336690197324 0.3375667844899609 0.1770404548433722 0.08494580070248409 -0.6345295794424708 8.577876771517431e-15
 19.85 1.5298990886624 -0.3724678025930574 0.33702341345421755 0.17539366836582737 0.08449430291069561 -0.6361479609273247 8.670972638090845e-15
 19.9 1.530144071585453 -0.37330182038730786 0.336479504723231 0.17374726784714342 0.08404237481089526 -0.6377664526104171 8.757861582752052e-15
 19.95 1.5303882982150914 -0.3741357311669347 0.3359350831814063 0.17210123446372458 0.08359003974343406 -0.6393850529645904 8.848914981839095e-15
 20.0 1.5306317755160754 -0.37496954355561146 0.3353901734313049 0.17045554969789806 0.08313732075593634 -0.6410037604732084 8.936197762939457e-15
 20.05 1.5308745103406358 -0.375803266037887 0.33484479979624404 0.16881019533388567 0.0826842406062132 -0.6426225736300786 9.011125992521712e-15
 20.1 1.5311165094302357 -0.37663690696082325 0.3342989863228773 0.16716515345382058 0.08223082176515341 -0.6442414909393759 9.08093414510704e-15
 20.15 1.531357779417303 -0.37747047453561655 0.3337527567837559 0.16552040643380903 0.08177708641959174 -0.6458605109155682 9.141920686715938e-15
 20.2 1.5315983268269335 -0.37830397683920375 0.3332061346798715 0.16387593694003644 0.08132305647515485 -0.6474796320833427 9.205672045508629e-15
 20.25 1.5318381580785663 -0.37913742181585264 0.33265914324318047 0.1622317279249176 0.08086875355908472 -0.6490988529775338 9.25543184302803e-15
 20.3 1.5320772794876294 -0.37997081727873705 0.3321118054391092 0.16058776262329064 0.0804141990230398 -0.650718172143052 9.310383342650378e-15
 20.35 1.5323156972671603 -0.3808041709114965 0.33156414396904105 0.1589440245486539 0.07995941394587383 -0.6523375881348147 9.363042669473502e-15
 20.4 1.532553417529398 -0.3816374902697806 0.33101618127278504 0.15730049748944602 0.07950441913639261 -0.6539570995176768 9.401676350417539e-15
 20.45 1.5327904462873492 -0.3824707827827786 0.3304679395310261 0.15565716550536823 0.07904923513608876 -0.6555767048663639 9.428528887267441e-15
 20.5 1.5330267894563285 -0.38330405575473325 0.3299194406677568 0.15401401292374878 0.07859388222185419 -0.6571964027654056 9.45769826251599e-15
 20.55 1.5332624528554732 -0.3841373163664405 0.32937070635269133 0.1523710243359488 0.07813838040867103 -0.65881619180907 9.474121181042397e-15
 20.6 1.5334974422092331 -0.38497057167673365 0.32882175800366126 0.15072818459380968 0.0776827494522806 -0.6604360706012996 9.496232298504112e-15
 20.65 1.5337317631488359 -0.3858038286239532 0.328272616788993 0.14908547880614112 0.07722700885183052 -0.6620560377556477 9.508744804726224e-15
 20.7 1.5339654212137288 -0.3866370940274016 0.3277233036298678 0.14744289233524965 0.07677117785250051 -0.6636760918952158 9.525261100164736e-15
 20.75 1.5341984218529958 -0.38747037458878403 0.32717383920266363 0.14580041079350733 0.07631527544810639 -0.6652962316525923 9.537454512134958e-15
 20.8 1.5344307704267528 -0.38830367689363404 0.32662424394127954 0.14415802003995995 0.07585932038368277 -0.6669164556697915 9.545940664182955e-15
 20.85 1.5346624722075195 -0.3891370074127253 0.32607453803944203 0.14251570617697476 0.07540333115804448 -0.668536762598194 9.554440368758109e-15
 20.9 1.5348935323815684 -0.3899703725034688 0.32552474145299415 0.14087345554692696 0.07494732602632649 -0.670157151098487 9.565767164379337e-15
 20.95 1.5351239560502534 -0.390803778411296 0.32497487390216695 0.1392312547289248 0.07449132300250301 -0.6717776198406069 9.564621569258834e-15
 21.0 1.5353537482313153 -0.3916372312710279 0.32442495487383377 0.137589090535573 0.07403533986188542 -0.6733981675036811 9.572048286377724e-15
 21.05 1.5355829138601673 -0.39247073710823005 0.32387500362374677 0.13594695000977366 0.07357939414359921 -0.6750187927759713 9.594223846106066e-15
 21.1 1.5358114577911595 -0.3933043018405537 0.3233250391787567 0.13430482042156494 0.07312350315304014 -0.6766394943548175 9.632300450421353e-15
 21.15 1.5360393847988223 -0.39413793127906327 0.32277508033901525 0.13266268926499658 0.07266768396430974 -0.6782602709465825 9.670391826991239e-15
 21.2 1.5362666995790912 -0.39497163112954997 0.32222514568016036 0.13102054425504234 0.07221195342263009 -0.679881121266597 9.702602219927022e-15
 21.25 1.5364934067505107 -0.39580540699383193 0.3216752535554848 0.1293783733245487 0.0717563281467381 -0.681502044039106 9.737835029706515e-15
 21.3 1.5367195108554201 -0.3966392643710409 0.3211254220980876 0.12773616462121956 0.07130082453125945 -0.6831230379972142 9.766818904739616e-15
 21.35 1.5369450163611187 -0.39747320865889535 0.3205756692230086 0.1260939065046365 0.07084545874906212 -0.6847441018828342 9.79218645730771e-15
 21.4 1.5371699276610145 -0.3983072451549605 0.3200260126293469 0.1244515875433146 0.07039024675358978 -0.6863652344466333 9.82832952257364e-15
 21.45 1.5373942490757528 -0.3991413790578953 0.31947646980236166 0.12280919651179285 0.06993520428117514 -0.6879864344479822 9.853815625873031e-15
 21.5 1.537617984854328 -0.39997561546868565 0.3189270580155575 0.12116672238775948 0.06948034685333325 -0.6896077006549034 9.895577026796782e-15
 21.55 1.5378411391751772 -0.40080995939186553 0.31837779433275254 0.11952415434921135 0.06902568977903495 -0.6912290318440205 9.944877088713731e-15
 21.6 1.5380637161472568 -0.40164441573672455 0.31782869561013055 0.11788148177164726 0.06857124815696056 -0.692850426800508 9.996157818593222e-15
 21.65 1.538285719811102 -0.4024789893185031 0.31727977849827677 0.11623869422529497 0.06811703687773396 -0.6944718843180415 1.0035242493759696e-14
 21.7 1.5385071541398694 -0.4033136848595747 0.31673105944419727 0.11459578147237136 0.0676630706261371 -0.6960934031987482 1.0082040115418596e-14
 21.75 1.5387280230403635 -0.4041485069906155 0.3161825546933226 0.11295273346437548 0.06720936388330509 -0.6977149822531583 1.0127435186042114e-14
 21.8 1.5389483303540465 -0.40498346025176174 0.31563428029149515 0.11130954033941419 0.06675593092890197 -0.6993366203001563 1.0164146203839838e-14
 21.85 1.5391680798580334 -0.40581854909375464 0.3150862520869405 0.10966619241956008 0.06630278584327735 -0.7009583161669332 1.0193845923357323e-14
 21.9 1.53938727526607 -0.4066537778790728 0.31453848573222337 0.10802268020824127 0.06584994250960384 -0.7025800686889385 1.022402624936908e-14
 21.95 1.5396059202294965 -0.40748915088305265 0.3139909966861871 0.10637899438766277 0.06539741461599564 -0.7042018767098337 1.024740754355718e-14
 22.0 1.539824018338196 -0.40832467229499675 0.3134438002158781 0.10473512581625923 0.06494521565760825 -0.7058237390814446 1.0268599223695311e-14
 22.05 1.5400415731215282 -0.4091603462192699 0.3128969113984545 0.10309106552617849 0.06449335893871927 -0.7074456546637153 1.0295780917548517e-14
 22.1 1.5402585880492483 -0.4099961766763836 0.312350345123079 0.10144680472079588 0.06404185757479085 -0.7090676223246623 1.0334979908281551e-14
 22.15 1.5404750665324116 -0.4108321676040688 0.3118041160927969 0.09980233477225878 0.06359072449451342 -0.7106896409403279 1.0386520473987942e-14
 22.2 1.5406910119242647 -0.4116683228583365 0.311258238826398 0.09815764721906116 0.0631399724418311 -0.712311709394736 1.0433530362103423e-14
 22.25 1.5409064275211217 -0.4125046462145269 0.3107127276602642 0.09651273376364795 0.06268961397794881 -0.7139338265798458 1.0467851425618492e-14
 22.3 1.541121316563228 -0.41334114136834765 0.3101675967502009 0.09486758627004871 0.06223966148332122 -0.7155559913955079 1.0494972912369806e-14
 22.35 1.5413356822356103 -0.4141778119368997 0.3096228600732543 0.09322219676154037 0.06179012715962361 -0.717178202749419 1.0517882612494194e-14
 22.4 1.541549527668913 -0.4150146614596923 0.30907853142951297 0.09157655741833878 0.061341023031704904 -0.7188004595570786 1.0543049655423013e-14
 22.45 1.5417628559402228 -0.4158516933996472 0.30853462444389507 0.08993066057531883 0.06089236094952271 -0.7204227607417443 1.0579838600251885e-14
 22.5 1.5419756700738791 -0.416688911144091 0.30799115256792015 0.0882844987197625 0.060444152590060835 -0.7220451052343886 1.0617775003673742e-14
 22.55 1.5421879730422738 -0.4175263180057367 0.30744812908146685 0.08663806448913516 0.05999640945922907 -0.7236674919736555 1.0648336697799672e-14
 22.6 1.5423997677666372 -0.41836391722365457 0.30690556709451555 0.08499135066888927 0.0595491428937456 -0.7252899199058175 1.0685389645857543e-14
 22.65 1.5426110571178124 -0.419201711964232 0.3063634795488764 0.08334435019029533 0.05910236406300198 -0.7269123879847323 1.0721630662013494e-14
 22.7 1.5428218439170183 -0.42003970532212254 0.3058218792199032 0.08169705612830004 0.058656083970910926 -0.7285348951718008 1.075224670177332e-14
 22.75 1.5430321309366 -0.4208779003211844 0.30528077871819276 0.08004946169941103 0.05821031345773694 -0.7301574404359243 1.0771199335018678e-14
 22.8 1.5432419209007688 -0.4217162999154083 0.3047401904912696 0.07840156025960819 0.05776506320191 -0.7317800227534627 1.0781403100477118e-14
 22.85 1.5434512164863303 -0.42255490698983494 0.3042001268252571 0.07675334530228103 0.05732034372182219 -0.7334026411081923 1.0797907571335685e-14
 22.9 1.543660020323401 -0.423393724361462 0.30366059984653376 0.07510481045619202 0.05687616537760774 -0.7350252944912645 1.0811997354549538e-14
 22.95 1.5438683349961153 -0.424232754780141 0.3031216215233761 0.07345594948346557 0.05643253837290634 -0.7366479819011642 1.082603160628337e-14
 23.0 1.5440761630433202 -0.4250720009294638 0.30258320366758695 0.07180675627760223 0.05598947275660984 -0.7382707023436682 1.0845814399579673e-14
 23.05 1.5442835069592602 -0.4259114654276392 0.3020453579361105 0.07015722486151814 0.05554697842459258 -0.7398934548318048 1.0860654315171615e-14
 23.1 1.5444903691942526 -0.42675115082835935 0.3015080958326329 0.06850734938560911 0.05510506512142538 -0.7415162383858126 1.0863637497449209e-14
 23.15 1.544696752155351 -0.42759105962165644 0.30097142870916954 0.06685712412583945 0.054663742442073344 -0.7431390520330998 1.0870502597842752e-14
 23.2 1.5449026582069993 -0.42843119423474924 0.30043536776763885 0.0652065434818548 0.0542230198335776 -0.7447618948082041 1.0880644834827904e-14
 23.25 1.5451080896716773 -0.4292715570328803 0.29989992406142185 0.06355560197511914 0.053782906596721 -0.7463847657527518 1.0892897234172573e-14
 23.3 1.545313048830534 -0.43011215032014327 0.29936510849690906 0.061904294247075546 0.05334341188767801 -0.7480076639154186 1.0908556467793735e-14
 23.35 1.545517537924013 -0.4309529763403009 0.2988309318350335 0.060252615057330365 0.05290454471964886 -0.7496305883518889 1.0914334147289592e-14
 23.4 1.5457215591524684 -0.43179403727759297 0.2982974046927905 0.05860055928186075 0.052466313964478005 -0.7512535381248165 1.0938052645293994e-14
 23.45 1.545925114676771 -0.4326353352575357 0.2977645375447444 0.056948121911244924 0.05202872835425718 -0.7528765123037852 1.0952384476642854e-14
 23.5 1.5461282066189053 -0.43347687234771126 0.2972323407245221 0.05529529804891547 0.051591796482912934 -0.7544995099652687 1.096818833266943e-14
 23.55 1.5463308370625581 -0.43431865055854824 0.2967008244262933 0.053642082909434875 0.05115552680777894 -0.7561225301925922 1.09804686671607e-14
 23.6 1.5465330080536979 -0.4351606718440931 0.2961699987062383 0.05198847181679347 0.050719927651153164 -0.7577455720758929 1.1000136009866292e-14
 23.65 1.5467347216011451 -0.4360029381027725 0.2956398734840022 0.05033446020272912 0.05028500720183985 -0.7593686347120812 1.1014578870293878e-14
 23.7 1.5469359796771351 -0.4368454511781466 0.29511045854413714 0.04868004360506899 0.04985077351667667 -0.7609917172048017 1.1030803989686442e-14
 23.75 1.5471367842178712 -0.43768821285965376 0.29458176353753096 0.04702521766609247 0.04941723452204697 -0.7626148186643953 1.1044290109459446e-14
 23.8 1.54733713712407 -0.43853122488334617 0.2940537979828238 0.04536997813091563 0.04898439801537735 -0.7642379382078599 1.1067734677008707e-14
 23.85 1.5475370402615003 -0.43937448893261705 0.2935265712678119 0.043714320845896486 0.04855227166662059 -0.7658610749588127 1.1098801456881083e-14
 23.9 1.5477364954615105 -0.440218006638919 0.29300009265083926 0.042058241757061174 0.04812086301972403 -0.7674842280474518 1.1121524284596648e-14
 23.95 1.547935504521551 -0.4410617795824741 0.2924743712621764 0.040401736908550694 0.04769017949408361 -0.7691073966105181 1.1139334609209339e-14
 24.0 1.548134069205688 -0.44190580929297535 0.291949416105387 0.03874480244108797 0.04726022838598367 -0.7707305797912578 1.1166004813747015e-14
 24.05 1.5483321912451085 -0.4427500972502798 0.29142523605868254 0.03708743459046485 0.04683101687002247 -0.7723537767393844 1.1193105920885618e-14
 24.1 1.54852987233862 -0.4435946448850935 0.2909018398762646 0.03542962968604923 0.04640255200052373 -0.7739769866110412 1.121038212346243e-14
 24.15 1.5487271141531411 -0.44443945357964815 0.290379236189655 0.03377138414931165 0.045974840712934166 -0.7756002085687637 1.1222800168570265e-14
 24.2 1.548923918324185 -0.4452845246683697 0.28985743350901416 0.03211269449237133 0.04554788982520728 -0.7772234417814424 1.1235209489238742e-14
 24.25 1.5491202864563363 -0.44612985943853894 0.2893364402244474 0.03045355731656154 0.04512170603917321 -0.7788466854242858 1.1268689906434978e-14
 24.3 1.5493162201237207 -0.446975459130944 0.2888162646072994 0.028793969311013707 0.044696295941895205 -0.7804699386787829 1.130927674371143e-14
 24.35 1.5495117208704674 -0.4478213249405252 0.2882969148114374 0.027133927251260504 0.044271666007012406 -0.7820932007326667 1.1351775029417973e-14
 24.4 1.5497067902111645 -0.4486674580170118 0.28777839887452156 0.025473427997857418 0.04384782259606927 -0.7837164707798774 1.1382044835990277e-14
 24.45 1.5499014296313085 -0.44951385946555145 0.2872607247192652 0.02381246849502271 0.0434247719598317 -0.7853397480205252 1.1413352935549327e-14
 24.5 1.5500956405877466 -0.4503605303473316 0.2867439001546826 0.02215104576929538 0.04300252023958999 -0.7869630316608546 1.1442423716162817e-14
 24.55 1.5502894245091121 -0.45120747168019354 0.2862279328773254 0.02048915692821114 0.04258107346844857 -0.7885863209132071 1.1473166895568025e-14
 24.6 1.5504827827962537 -0.4520546844392391 0.2857128304725081 0.01882679915899612 0.04216043757260294 -0.7902096149959859 1.1495996703544827e-14
 24.65 1.5506757168226595 -0.4529021695574294 0.2851986004155219 0.01716396972727803 0.04174061837260357 -0.7918329131336187 1.1511390019642528e-14
 24.7 1.5508682279348724 -0.45374992792617713 0.2846852500728376 0.015500665975814672 0.04132162158460713 -0.7934562145565226 1.1521496393252693e-14
 24.75 1.5510603174529018 -0.4545979603959307 0.28417278670329726 0.013836885323239494 0.04090345282161497 -0.7950795185010674 1.153310376006737e-14
 24.8 1.5512519866706278 -0.45544626777675173 0.2836612174592948 0.012172625262824104 0.040486117594699104 -0.7967028242095404 1.15441218630013e-14
 24.85 1.5514432368561994 -0.4562948508388853 0.28315054938794565 0.01050788336125751 0.040069621314215625 -0.7983261309301106 1.1562325786883922e-14
 24.9 1.5516340692524282 -0.45714371031332324 0.2826407894322457 0.008842657257441806 0.039653969291005904 -0.7999494379167928 1.1579804989376872e-14
 24.95 1.5518244850771745 -0.45799284689236014 0.2821319444322193 0.007176944661304209 0.0392391667375854 -0.8015727444294127 1.1595581723408478e-14
 25.0 1.5520144855237292 -0.45884226123014304 0.28162402112605633 0.005510743352625294 0.0388252187693204 -0.8031960497335712 1.1618889003857648e-14
 25.05 1.5522040717611891 -0.45969195394321366 0.2811170261512393 0.0038440511798829985 0.03841213040559266 -0.8048193531006094 1.1638824618838295e-14
 25.1 1.5523932449348277 -0.4605419256110444 0.2806109660456589 0.002176866059112566 0.03799990657095208 -0.8064426538075734 1.164453328208961e-14
 25.15 1.5525820061664588 -0.46139217677656735 0.2801058472487199 0.0005091859727819764 0.037588552096257596 -0.8080659511371798 1.1656831522857384e-14
 25.2 1.5527703565547972 -0.4622427079466969 0.27960167610243636 -0.0011589910313173112 0.037178071719806235 -0.8096892443777802 1.1665218301000009e-14
 25.25 1.552958297175812 -0.4630935195928456 0.2790984588525163 -0.0028276668411642975 0.03676847008845056 -0.811312532823327 1.1686791721946808e-14
 25.3 1.553145829083076 -0.4639446121514337 0.2785962016494362 -0.004496843281587509 0.036359751758704546 -0.8129358157733387 1.1702834102451331e-14
 25.35 1.553332953308109 -0.46479598602439226 0.27809491054950575 -0.006166522115329054 0.03595192119783806 -0.8145590925328654 1.1709498913434166e-14
 25.4 1.5535196708607173 -0.4656476415796602 0.27759459151592164 -0.00783670504409415 0.03554498278495991 -0.8161823624124543 1.1694145611172893e-14
 25.45 1.553705982729327 -0.46649957915167434 0.27709525041981214 -0.00950739370958608 0.0351389408120896 -0.8178056247281159 1.1668385662121653e-14
 25.5 1.553891889881313 -0.467351799041854 0.2765968930412712 -0.011178589694526914 0.03473379948521805 -0.8194288788012893 1.1640176076846296e-14
 25.55 1.5540773932633234 -0.4682043015190792 0.27609952507038293 -0.012850294523664076 0.03432956292535715 -0.821052123958809 1.160438815555449e-14
 25.6 1.554262493801599 -0.4690570868201629 0.27560315210823594 -0.014522509664762878 0.03392623516957843 -0.8226753595328702 1.156892518998257e-14
 25.65 1.5544471924022876 -0.4699101551503168 0.2751077796679283 -0.016195236529585346 0.033523820172040676 -0.8242985848609956 1.1526031814228109e-14
 25.7 1.5546314899517546 -0.4707635066836119 0.2746134131755629 -0.017868476474855306 0.03312232180500703 -0.8259217992860016 1.1503119979580695e-14
 25.75 1.5548153873168884 -0.47161714156343254 0.27412005797123257 -0.01954223080321015 0.032721743859851195 -0.8275450021559648 1.1488091836327215e-14
 25.8 1.5549988853454015 -0.47247105990292526 0.2736277193099964 -0.02121650076413916 0.032322090048053115 -0.8291681928241887 1.1477064856487998e-14
 25.85 1.5551819848661277 -0.4733252617854413 0.27313640236284625 -0.022891287554908733 0.03192336400218419 -0.8307913706491703 1.1470494828491961e-14
 25.9 1.5553646866893136 -0.47417974726497397 0.27264611221766394 -0.02456659232147465 0.03152556927688206 -0.832414534994567 1.145727764167971e-14
 25.95 1.5555469916069082 -0.47503451636658994 0.27215685388016914 -0.02624241615938148 0.03112870934981506 -0.8340376852291634 1.1451985278181313e-14
 26.0 1.555728900392846 -0.4758895690868553 0.27166863227485816 -0.02791876011464941 0.03073278762263648 -0.835660820726839 1.1437336199112388e-14
 26.05 1.5559104138033266 -0.476744905394256 0.2711814522459333 -0.029595625184648394 0.030337807421928684 -0.8372839408665347 1.142675628326273e-14
 26.1 1.5560915325770912 -0.4776005252296129 0.2706953185582234 -0.03127301231896012 0.0299437720001372 -0.8389070450322205 1.1416857720715845e-14
 26.15 1.5562722574356942 -0.4784564285064914 0.27021023589809495 -0.03295092242022768 0.02955068453649486 -0.8405301326128629 1.1404726074388137e-14
 26.2 1.5564525890837704 -0.47931261511160583 0.26972620887435506 -0.0346293563449932 0.02915854813793608 -0.8421532030023925 1.140233488343738e-14
 26.25 1.5566325282092996 -0.48016908490521854 0.26924324201914457 -0.03630831490452357 0.028767365840001346 -0.8437762555996715 1.1413226100835811e-14
 26.3 1.5568120754838668 -0.4810258377215337 0.26876133978882305 -0.03798779886562444 0.028377140607732082 -0.8453992898084619 1.1445412997077637e-14
 26.35 1.556991231562918 -0.4818828733690862 0.26828050656484476 -0.03966780895144264 0.027987875336555855 -0.8470223050373931 1.1464262377006724e-14
 26.4 1.5571699970860127 -0.48274019163112536 0.2678007466546259 -0.041348345842256884 0.027599572853162106 -0.8486453006999302 1.1495916811397248e-14
 26.45 1.5573483726770732 -0.4835977922659934 0.2673220642924036 -0.04302941017625754 0.0272122359163685 -0.8502682762143419 1.1542434234557195e-14
 26.5 1.55752635894463 -0.4844556750074995 0.26684446364008607 -0.04471100255031498 0.02682586721797787 -0.8518912310036693 1.1584129177275903e-14
 26.55 1.5577039564820632 -0.4853138395652881 0.2663679487880941 -0.046393123520736844 0.02644046938362598 -0.8535141644956937 1.1613992255567595e-14
 26.6 1.5578811658678409 -0.4861722856252035 0.26589252375619493 -0.04807577360401458 0.02605604497362007 -0.8551370761229059 1.1627104613582294e-14
 26.65 1.5580579876657537 -0.48703101284964834 0.2654181924943268 -0.04975895327755906 0.025672596483768392 -0.856759965322474 1.1619963583735853e-14
 26.7 1.5582344224251463 -0.48789002087793854 0.2649449588834161 -0.0514426629804256 0.02529012634620069 -0.8583828315362131 1.1628494662411374e-14
 26.75 1.558410470681146 -0.4887493093266528 0.26447282673618583 -0.05312690311402865 0.024908636930179816 -0.8600056742105536 1.1643965736133632e-14
 26.8 1.558586132954886 -0.4896088777899777 0.26400179979795596 -0.05481167404284587 0.02452813054290452 -0.8616284927965105 1.1660495397752051e-14
 26.85 1.5587614097537286 -0.4904687258400483 0.263531881747436 -0.05649697609511212 0.024148609430303464 -0.8632512867496528 1.1672013876929242e-14
 26.9 1.5589363015714819 -0.4913288530272841 0.2630630761975094 -0.05818280956350327 0.0237700757778206 -0.8648740555300721 1.1691645915301592e-14
 26.95 1.5591108088886159 -0.4921892588807203 0.26259538669600996 -0.05986917470581016 0.02339253171119195 -0.8664967986023528 1.1712863768757792e-14
 27.0 1.559284932172474 -0.4930499429083355 0.26212881672649047 -0.06155607174560258 0.023015979297213943 -0.8681195154355414 1.1717739307342846e-14
 27.05 1.559458671877482 -0.49391090459737375 0.26166336970898363 -0.06324350087288354 0.022640420544503298 -0.8697422055031161 1.172328513698038e-14
 27.1 1.559632028445354 -0.4947721434146634 0.26119904900075513 -0.06493146224473402 0.022265857404248496 -0.8713648682829566 1.1737647410693366e-14
 27.15 1.5598050023052947 -0.4956336588069311 0.260735857897049 -0.06661995598594825 0.021892291770953153 -0.872987503257314 1.1766703740924776e-14
 27.2 1.5599775938742007 -0.4964954502011116 0.26027379963182556 -0.06830898218965951 0.02151972548317105 -0.8746101099127812 1.1799236514600283e-14
 27.25 1.5601498035568557 -0.4973575170046536 0.25981287737849157 -0.06999854091795688 0.021148160324233195 -0.8762326877402626 1.1834115434014413e-14
 27.3 1.5603216317461268 -0.49821985860582135 0.25935309425062325 -0.07168863220249264 0.02077759802296678 -0.8778552362349449 1.1863834804696274e-14
 27.35 1.5604930788231537 -0.4990824743739923 0.25889445330268146 -0.07337925604508096 0.0204080402544062 -0.8794777548962671 1.1885557879424193e-14
 27.4 1.5606641451575392 -0.49994536365995035 0.25843695753072 -0.07507041241828738 0.020039488640496234 -0.8811002432278915 1.1921161994566445e-14
 27.45 1.5608348311075335 -0.5008085257961757 0.25798060987308613 -0.07676210126600991 0.019671944750787422 -0.882722700737674 1.1962997646398352e-14
 27.5 1.561005137020219 -0.5016719600971302 0.2575254132111144 -0.07845432250405111 0.019305410103123675 -0.8843451269376352 1.2015672304517821e-14
 27.55 1.5611750632316894 -0.5025356658595392 0.2570713703698127 -0.0801470760206819 0.018939886164322333 -0.8859675213439315 1.2073064292408457e-14
 27.6 1.5613446100672286 -0.5033996423626697 0.2566184841185418 -0.08184036167719676 0.018575374350846535 -0.8875898834768257 1.2124810754883666e-14
 27.65 1.5615137778414852 -0.5042638888686035 0.2561667571716876 -0.08353417930846072 0.018211876029470223 -0.8892122128606585 1.2197352570780985e-14
 27.7 1.5616825668586463 -0.505128404622509 0.25571619218932606 -0.08522852872344816 0.017849392517935613 -0.8908345090238202 1.2266588654254396e-14
 27.75 1.5618509774126073 -0.5059931888529066 0.25526679177788203 -0.08692340970577338 0.017487925085603397 -0.8924567714987216 1.233654701966259e-14
 27.8 1.5620190097871396 -0.5068582407719322 0.25481855849078033 -0.08861882201421323 0.017127474954095605 -0.8940789998217658 1.242053745145961e-14
 27.85 1.5621866642560562 -0.5077235595755968 0.25437149482909066 -0.09031476538322199 0.016768043297931263 -0.8957011935333199 1.2509523378647677e-14
 27.9 1.5623539410833753 -0.5085891444440417 0.2539256032421654 -0.0920112395234383 0.016409631245154998 -0.8973233521776873 1.2584534888509306e-14
 27.95 1.5625208405234798 -0.5094549945417912 0.25348088612827097 -0.09370824412218433 0.016052239877958483 -0.8989454753030791 1.2679371136738786e-14
 28.0 1.562687362821277 -0.5103211090180015 0.25303734583521237 -0.09540577884395766 0.015695870233294943 -0.9005675624615865 1.277619122083403e-14
 28.05 1.5628535082123536 -0.5111874870067057 0.25259498466095137 -0.09710384333091544 0.015340523303486692 -0.9021896132091531 1.286220653571344e-14
 28.1 1.5630192769231304 -0.5120541276270558 0.25215380485421807 -0.09880243720335122 0.014986200036825834 -0.9038116271055472 1.293783932730122e-14
 28.15 1.563184669171013 -0.5129210299835617 0.2517138086151158 -0.10050156006016449 0.014632901338168214 -0.9054336037143343 1.2999374339684126e-14
 28.2 1.5633496851645419 -0.5137881931663261 0.25127499809572 -0.10220121147932308 0.014280628069520594 -0.9070555426028502 1.3062601300379173e-14
 28.25 1.5635143251035395 -0.5146556162512763 0.25083737540067075 -0.10390139101831845 0.013929381050621168 -0.9086774433421727 1.312155079551256e-14
 28.3 1.5636785891792553 -0.5155232983003936 0.2504009425877586 -0.10560209821461393 0.013579161059513602 -0.9102993055070959 1.3179173108602214e-14
 28.35 1.5638424775745088 -0.5163912383619382 0.24996570166850454 -0.10730333258608613 0.013229968833114364 -0.9119211286761022 1.3243800994029383e-14
 28.4 1.5640059904638308 -0.5172594354706723 0.24953165460873392 -0.1090050936314595 0.012881805067773802 -0.913542912431336 1.3304076011021929e-14
 28.45 1.564169128013602 -0.5181278886480787 0.24909880332914372 -0.11070738083073413 0.012534670419830682 -0.9151646563585768 1.3380126118802162e-14
 28.5 1.5643318903821901 -0.5189965969025774 0.24866714970586432 -0.11241019364560703 0.012188565506160482 -0.9167863600472126 1.3457056090526686e-14
 28.55 1.5644942777200843 -0.5198655592297385 0.248236695571015 -0.11411353151988678 0.011843490904717376 -0.9184080230902137 1.3529325043230376e-14
 28.6 1.5646562901700292 -0.520734774612493 0.24780744271325347 -0.11581739387990168 0.011499447155070085 -0.9200296450841065 1.3601074459805539e-14
 28.65 1.5648179278671548 -0.5216042420213389 0.24737939287831967 -0.1175217801349017 0.011156434758931555 -0.9216512256289466 1.3674782216554753e-14
 28.7 1.5649791909391066 -0.5224739604145467 0.2469525477695736 -0.11922668967745396 0.010814454180682541 -0.9232727643282939 1.3744930673096969e-14
 28.75 1.5651400795061727 -0.5233439287383598 0.2465269090485273 -0.12093212188383216 0.01047350584788921 -0.9248942607891855 1.3837497737001414e-14
 28.8 1.5653005936814086 -0.5242141459271933 0.24610247833537136 -0.12263807611439992 0.01013359015181484 -0.9265157146221109 1.3908380655812194e-14
 28.85 1.565460733570762 -0.5250846109038301 0.2456792572094954 -0.12434455171398782 0.009794707447925563 -0.928137125440986 1.3979904947970635e-14
 28.9 1.5656204992731935 -0.5259553225796131 0.2452572472100033 -0.1260515480122649 0.00945685805639028 -0.9297584928631275 1.403521045654296e-14
 28.95 1.5657798908807978 -0.526826279854636 0.24483644983622246 -0.12775906432410392 0.009120042262574884 -0.9313798165092276 1.4101648824072907e-14
 29.0 1.5659389084789215 -0.5276974816179304 0.24441686654820782 -0.12946709994994107 0.008784260317530743 -0.933001096003329 1.4170061032479842e-14
 29.05 1.5660975521462799 -0.5285689267476505 0.24399849876724033 -0.13117565417612997 0.008449512438477481 -0.9346223309727993 1.425376018658696e-14
 29.1 1.566255821955072 -0.5294406141112554 0.24358134787631996 -0.13288472627528994 0.008115798809280294 -0.9362435210483065 1.434626274046214e-14
 29.15 1.5664137179710935 -0.5303125425656885 0.2431654152206533 -0.13459431550664863 0.007783119580921558 -0.9378646658637939 1.446019307643917e-14
 29.2 1.5665712402538494 -0.5311847109575543 0.2427507021081359 -0.13630442111637955 0.007451474871967183 -0.9394857650564553 1.457317300756806e-14
 29.25 1.5667283888566632 -0.532057118123293 0.24233720980982948 -0.13801504233793374 0.007120864769027362 -0.9411068182667109 1.4710457549619538e-14
 29.3 1.5668851638267858 -0.5329297628893523 0.2419249395604335 -0.13972617839236648 0.00679128932721208 -0.9427278251381823 1.4832139033274915e-14
 29.35 1.5670415652055023 -0.5338026440723566 0.24151389255875208 -0.1414378284886585 0.006462748570581256 -0.9443487853176685 1.4949172914911342e-14
 29.4 1.5671975930282378 -0.5346757604792738 0.2411040699681553 -0.1431499918240321 0.006135242492589662 -0.9459696984551216 1.5060543906956924e-14
 29.45 1.5673532473246605 -0.5355491109075803 0.24069547291703586 -0.14486266758426225 0.005808771056526702 -0.9475905642036226 1.5168655956678604e-14
 29.5 1.5675085281187846 -0.5364226941454225 0.24028810249926033 -0.1465758549439826 0.0054833341959509285 -0.9492113822193581 1.5286336259979058e-14
 29.55 1.5676634354290713 -0.537296508971777 0.23988195977461566 -0.14828955306698638 0.0051589318151196075 -0.9508321521615956 1.539513233962762e-14
 29.6 1.567817969268528 -0.538170554156608 0.23947704576925066 -0.15000376110652267 0.004835563789413196 -0.9524528736926604 1.550603785318737e-14
 29.65 1.5679721296448061 -0.5390448284610218 0.23907336147611272 -0.15171847820558756 0.004513229965754843 -0.9540735464779122 1.56260255758801e-14
 29.7 1.5681259165602983 -0.5399193306374203 0.23867090785537942 -0.15343370349721086 0.00419193016302499 -0.9556941701857211 1.5746964550453912e-14
 29.75 1.5682793300122329 -0.5407940594296514 0.23826968583488561 -0.15514943610473775 0.003871664172471032 -0.9573147444874449 1.588320632718468e-14
 29.8 1.568432369992768 -0.5416690135731576 0.2378696963105456 -0.15686567514210614 0.0035524317581122886 -0.9589352690574058 1.602480023405861e-14
 29.85 1.5685850364890845 -0.5425441917951216 0.23747094014677067 -0.15858241971411924 0.003234232657140133 -0.9605557435728671 1.6166642880627827e-14
 29.9 1.5687373294834766 -0.543419592814611 0.237073418176882 -0.1602996689167138 0.0029170665803133523 -0.9621761677140108 1.6297162898977917e-14
 29.95 1.5688892489534412 -0.5442952153427202 0.23667713120351877 -0.1620174218372237 0.0026009332123489303 -0.9637965411639144 1.642271913485051e-14
 30.0 1.5690407948717677 -0.5451710580827095 0.23628207999904208 -0.16373567755463933 0.002285832212308206 -0.9654168636085287 1.6558113031601077e-14
 30.05 1.5691919672066241 -0.5460471197301439 0.23588826530593388 -0.16545443513986272 0.001971763213978409 -0.967037134736655 1.668869130887728e-14
 30.1 1.5693427659216437 -0.546923398973028 0.23549568783719171 -0.16717369365595813 0.0016587258262497461 -0.9686573542399225 1.682412167886656e-14
 30.15 1.5694931909760093 -0.5477998944919403 0.235104348276719 -0.16889345215839885 0.0013467196334880078 -0.9702775218127668 1.694747994894432e-14
 30.2 1.569643242324537 -0.5486766049601647 0.23471424727971082 -0.17061370969530945 0.0010357441959026588 -0.9718976371524074 1.7070036180464983e-14
 30.25 1.5697929199177587 -0.5495535290438199 0.2343253854730354 -0.1723344653077043 0.0007257990499107391 -0.9735176999588253 1.7183344557089504e-14
 30.3 1.5699422237020029 -0.5504306654019879 0.2339377634556114 -0.17405571802972183 0.0004168837084962894 -0.9751377099347418 1.7294612905682538e-14
 30.35 1.5700911536194746 -0.5513080126868396 0.23355138179878057 -0.175777466888855 0.00010899766156549705 -0.9767576667855965 1.7401517442175273e-14
 30.4 1.5702397096083345 -0.5521855695437584 0.23316624104667671 -0.1774997109061778 -0.00019785962370222273 -0.9783775702195258 1.7507837610637695e-14
 30.45 1.5703878916027765 -0.5530633346114633 0.23278234171659007 -0.17922244909656784 -0.0005036887025075176 -0.979997419947341 1.7608870277570837e-14
 30.5 1.5705356995331037 -0.5539413065221284 0.2323996842993276 -0.1809456804689253 -0.0008084901520884319 -0.9816172156825077 1.7718497787819768e-14
 30.55 1.570683133325805 -0.5548194839015017 0.23201826925956942 -0.18266940402638804 -0.0011122645713818613 -0.983236957141124 1.7843682684448282e-14
 30.6 1.570830192903628 -0.5556978653690221 0.23163809703622082 -0.18439361876654295 -0.0014150125806890288 -0.9848566440418997 1.7974512394984548e-14
 30.65 1.5709768781856535 -0.5565764495379341 0.2312591680427605 -0.18611832368163395 -0.0017167348213450028 -0.9864762761061349 1.8097907934511987e-14
 30.7 1.5711231890873674 -0.5574552350154008 0.2308814826675848 -0.18784351775876598 -0.0020174319553921635 -0.9880958530576998 1.8224702532553465e-14
 30.75 1.5712691255207314 -0.558334220402616 0.23050504127434787 -0.18956919998010593 -0.0023171046652575643 -0.9897153746230135 1.8354118240168903e-14
 30.8 1.5714146873942534 -0.5592134042949137 0.23012984420229812 -0.19129536932307972 -0.002615753653434191 -0.9913348405310238 1.84942002271133e-14
 30.85 1.571559874613057 -0.5600927852818762 0.22975589176661065 -0.1930220247605662 -0.002913379642166005 -0.9929542505131862 1.8625381185272134e-14
 30.9 1.571704687078949 -0.5609723619474408 0.2293831842587159 -0.19474916526108751 -0.0032099833731368595 -0.994573604303444 1.8757073836034403e-14
 30.95 1.5718491246904873 -0.5618521328700045 0.2290117219466245 -0.19647678978899616 -0.0035055656071630945 -0.996192901638208 1.8905050254750503e-14
 31.0 1.5719931873430464 -0.5627320966225272 0.22864150507524844 -0.198204897304659 -0.003800127123889878 -0.9978121422563362 1.905523109365249e-14
 31.05 1.5721368749288829 -0.563612251772634 0.22827253386671847 -0.19993348676463768 -0.0040936687214911185 -0.9994313258991141 1.919680572205654e-14
 31.1 1.5722801873371999 -0.5644925968827145 0.22790480852069786 -0.201662557121866 -0.004386191216373187 -1.0010504523102346 1.935667016348406e-14
 31.15 1.57242312445421 -0.565373130510022 0.22753832921469241 -0.20339210732582438 -0.004677695442881985 -1.0026695212357786 1.9516861288578678e-14
 31.2 1.5725656861631983 -0.5662538512067705 0.22717309610435707 -0.20512213632271084 -0.004968182253013752 -1.0042885324241948 1.966869922885736e-14
 31.25 1.5727078723445835 -0.5671347575202301 0.22680910932379883 -0.20685264305560921 -0.00525765251612927 -1.0059074856262809 1.983873929730881e-14
 31.3 1.5728496828759788 -0.5680158479928212 0.22644636898587608 -0.20858362646465425 -0.005546107118671566 -1.0075263805951638 2.0009265427146715e-14
 31.35 1.5729911176322515 -0.5688971211622073 0.2260848751824946 -0.2103150854871938 -0.005833546963887044 -1.0091452170862805 2.018542271672126e-14
 31.4 1.5731321764855817 -0.5697785755613859 0.22572462798489998 -0.212047019057948 -0.006119972971549981 -1.010763994857359 2.0375543988176336e-14
 31.45 1.573272859305521 -0.5706602097187788 0.2253656274439667 -0.21377942610916584 -0.006405386077690374 -1.0123827136683994 2.0563083282979613e-14
 31.5 1.5734131659590491 -0.5715420221583202 0.22500787359048374 -0.2155123055707784 -0.00668978723432515 -1.0140013732816544 2.073922945948189e-14
 31.55 1.5735530963106306 -0.5724240113995435 0.2246513664354369 -0.21724565637054988 -0.0069731774091925545 -1.0156199734616116 2.0920529119960535e-14
 