0 2.41
1 2.55
2 1.69
3 1.41
4 1.24
5 1.01
6 1.01
7 0.69
8 0.72
9 0.6
10 0.6
11 0.57
12 0.56
13 0.54
14 0.53
15 0.52
16 0.52
17 0.51
18 0.5
19 0.5
20 0.49
21 0.49
22 0.49
23 0.48
24 0.48
25 0.48
26 0.48
27 0.47
28 0.47
29 0.47
30 0.47
31 0.47
32 0.47
33 0.46
34 0.46
35 0.46
36 0.46
37 0.46
38 0.46
39 0.46
40 0.46
41 0.46
42 0.46
43 0.46
44 0.46
45 0.46
46 0.45
47 0.45
48 0.45
49 0.45
50 0.45
51 0.45
52 0.45
53 0.45
54 0.45
55 0.45
56 0.45
57 0.45
58 0.45
59 0.45
60 0.45
61 0.45
62 0.45
63 0.45
64 0.45
65 0.45
66 0.45
67 0.45
68 0.45
69 0.45
70 0.45
71 0.45
72 0.45
73 0.45
74 0.45
75 0.45
76 0.45
77 0.45
78 0.45
79 0.45
80 0.45
81 0.45
82 0.45
83 0.45
84 0.45
85 0.45
86 0.45
87 0.45
88 0.45
89 0.45
90 0.45
91 0.45
92 0.45
93 0.45
94 0.45
95 0.45
96 0.45
97 0.45
98 0.45
99 0.45
